# АНАЛИТИЧЕСКАЯ ПЕРВАЯ ПРОИЗВОДНАЯ
0.100000 -0.715162
0.110000 -0.701799
0.120000 -0.688054
0.130000 -0.673952
0.140000 -0.659517
0.150000 -0.644771
0.160000 -0.629738
0.170000 -0.614438
0.180000 -0.598894
0.190000 -0.583125
0.200000 -0.567152
0.210000 -0.550994
0.220000 -0.534670
0.230000 -0.518198
0.240000 -0.501596
0.250000 -0.484881
0.260000 -0.468070
0.270000 -0.451179
0.280000 -0.434223
0.290000 -0.417219
0.300000 -0.400180
0.310000 -0.383120
0.320000 -0.366055
0.330000 -0.348996
0.340000 -0.331958
0.350000 -0.314952
0.360000 -0.297990
0.370000 -0.281085
0.380000 -0.264248
0.390000 -0.247489
0.400000 -0.230819
0.410000 -0.214249
0.420000 -0.197788
0.430000 -0.181445
0.440000 -0.165230
0.450000 -0.149152
0.460000 -0.133218
0.470000 -0.117437
0.480000 -0.101817
0.490000 -0.086364
0.500000 -0.071086
0.510000 -0.055990
0.520000 -0.041082
0.530000 -0.026367
0.540000 -0.011852
0.550000 0.002459
0.560000 0.016560
0.570000 0.030446
0.580000 0.044113
0.590000 0.057557
0.600000 0.070775
0.610000 0.083763
0.620000 0.096518
0.630000 0.109037
0.640000 0.121317
0.650000 0.133357
0.660000 0.145155
0.670000 0.156709
0.680000 0.168017
0.690000 0.179080
0.700000 0.189896
0.710000 0.200464
0.720000 0.210786
0.730000 0.220860
0.740000 0.230688
0.750000 0.240269
0.760000 0.249606
0.770000 0.258699
0.780000 0.267549
0.790000 0.276159
0.800000 0.284530
0.810000 0.292665
0.820000 0.300565
0.830000 0.308234
0.840000 0.315673
0.850000 0.322887
0.860000 0.329878
0.870000 0.336649
0.880000 0.343204
0.890000 0.349547
0.900000 0.355680
0.910000 0.361610
0.920000 0.367338
0.930000 0.372870
0.940000 0.378209
0.950000 0.383360
0.960000 0.388328
0.970000 0.393117
0.980000 0.397731
0.990000 0.402175
1.000000 0.406455
1.010000 0.410574
1.020000 0.414538
1.030000 0.418351
1.040000 0.422018
1.050000 0.425545
1.060000 0.428936
1.070000 0.432195
1.080000 0.435329
1.090000 0.438341
1.100000 0.441237
1.110000 0.444021
1.120000 0.446699
1.130000 0.449275
1.140000 0.451754
1.150000 0.454140
1.160000 0.456439
1.170000 0.458655
1.180000 0.460792
1.190000 0.462855
1.200000 0.464848
1.210000 0.466776
1.220000 0.468644
1.230000 0.470454
1.240000 0.472212
1.250000 0.473922
1.260000 0.475587
1.270000 0.477212
1.280000 0.478800
1.290000 0.480355
1.300000 0.481882
1.310000 0.483382
1.320000 0.484861
1.330000 0.486321
1.340000 0.487765
1.350000 0.489198
1.360000 0.490622
1.370000 0.492041
1.380000 0.493457
1.390000 0.494873
1.400000 0.496292
1.410000 0.497717
1.420000 0.499151
1.430000 0.500597
1.440000 0.502056
1.450000 0.503531
1.460000 0.505025
1.470000 0.506540
1.480000 0.508078
1.490000 0.509642
1.500000 0.511233
1.510000 0.512854
1.520000 0.514506
1.530000 0.516191
1.540000 0.517912
1.550000 0.519670
1.560000 0.521466
1.570000 0.523303
1.580000 0.525181
1.590000 0.527103
1.600000 0.529070
1.610000 0.531083
1.620000 0.533144
1.630000 0.535253
1.640000 0.537413
1.650000 0.539625
1.660000 0.541889
1.670000 0.544207
1.680000 0.546579
1.690000 0.549008
1.700000 0.551493
1.710000 0.554036
1.720000 0.556638
1.730000 0.559299
1.740000 0.562022
1.750000 0.564805
1.760000 0.567650
1.770000 0.570559
1.780000 0.573531
1.790000 0.576567
1.800000 0.579668
1.810000 0.582835
1.820000 0.586068
1.830000 0.589368
1.840000 0.592736
1.850000 0.596171
1.860000 0.599676
1.870000 0.603249
1.880000 0.606891
1.890000 0.610604
1.900000 0.614388
1.910000 0.618242
1.920000 0.622168
1.930000 0.626165
1.940000 0.630235
1.950000 0.634378
1.960000 0.638594
1.970000 0.642883
1.980000 0.647246
1.990000 0.651683
2.000000 0.656195
2.010000 0.660782
2.020000 0.665444
2.030000 0.670182
2.040000 0.674996
2.050000 0.679886
2.060000 0.684852
2.070000 0.689896
2.080000 0.695016
2.090000 0.700214
2.100000 0.705491
2.110000 0.710845
2.120000 0.716278
2.130000 0.721789
2.140000 0.727380
2.150000 0.733050
2.160000 0.738800
2.170000 0.744630
2.180000 0.750540
2.190000 0.756531
2.200000 0.762602
2.210000 0.768756
2.220000 0.774990
2.230000 0.781307
2.240000 0.787706
2.250000 0.794187
2.260000 0.800751
2.270000 0.807399
2.280000 0.814130
2.290000 0.820945
2.300000 0.827844
2.310000 0.834828
2.320000 0.841897
2.330000 0.849052
2.340000 0.856292
2.350000 0.863618
2.360000 0.871030
2.370000 0.878529
2.380000 0.886116
2.390000 0.893790
2.400000 0.901552
2.410000 0.909403
2.420000 0.917343
2.430000 0.925372
2.440000 0.933490
2.450000 0.941699
2.460000 0.949998
2.470000 0.958388
2.480000 0.966870
2.490000 0.975444
2.500000 0.984110
2.510000 0.992870
2.520000 1.001722
2.530000 1.010669
2.540000 1.019710
2.550000 1.028846
2.560000 1.038078
2.570000 1.047405
2.580000 1.056829
2.590000 1.066350
2.600000 1.075969
2.610000 1.085686
2.620000 1.095502
2.630000 1.105417
2.640000 1.115432
2.650000 1.125548
2.660000 1.135765
2.670000 1.146084
2.680000 1.156505
2.690000 1.167029
2.700000 1.177657
2.710000 1.188390
2.720000 1.199227
2.730000 1.210170
2.740000 1.221220
2.750000 1.232377
2.760000 1.243641
2.770000 1.255015
2.780000 1.266497
2.790000 1.278089
2.800000 1.289793
2.810000 1.301607
2.820000 1.313534
2.830000 1.325574
2.840000 1.337728
2.850000 1.349997
2.860000 1.362381
2.870000 1.374881
2.880000 1.387499
2.890000 1.400234
2.900000 1.413088
2.910000 1.426062
2.920000 1.439156
2.930000 1.452372
2.940000 1.465710
2.950000 1.479172
2.960000 1.492757
2.970000 1.506468
2.980000 1.520304
2.990000 1.534268
3.000000 1.548359


# ПРАВАЯ РАЗНОСТЬ (1-я производная)
0.110000 -0.647797
0.120000 -0.632885
0.130000 -0.617700
0.140000 -0.602263
0.150000 -0.586596
0.160000 -0.570718
0.170000 -0.554648
0.180000 -0.538407
0.190000 -0.522013
0.200000 -0.505482
0.210000 -0.488833
0.220000 -0.472083
0.230000 -0.455247
0.240000 -0.438343
0.250000 -0.421384
0.260000 -0.404386
0.270000 -0.387363
0.280000 -0.370329
0.290000 -0.353298
0.300000 -0.336283
0.310000 -0.319296
0.320000 -0.302350
0.330000 -0.285457
0.340000 -0.268628
0.350000 -0.251873
0.360000 -0.235204
0.370000 -0.218631
0.380000 -0.202164
0.390000 -0.185813
0.400000 -0.169586
0.410000 -0.153492
0.420000 -0.137541
0.430000 -0.121739
0.440000 -0.106095
0.450000 -0.090616
0.460000 -0.075310
0.470000 -0.060183
0.480000 -0.045241
0.490000 -0.030491
0.500000 -0.015938
0.510000 -0.001588
0.520000 0.012555
0.530000 0.026485
0.540000 0.040197
0.550000 0.053689
0.560000 0.066956
0.570000 0.079994
0.580000 0.092800
0.590000 0.105372
0.600000 0.117707
0.610000 0.129803
0.620000 0.141658
0.630000 0.153270
0.640000 0.164637
0.650000 0.175760
0.660000 0.186636
0.670000 0.197266
0.680000 0.207650
0.690000 0.217787
0.700000 0.227677
0.710000 0.237322
0.720000 0.246723
0.730000 0.255880
0.740000 0.264795
0.750000 0.273469
0.760000 0.281904
0.770000 0.290103
0.780000 0.298068
0.790000 0.305800
0.800000 0.313303
0.810000 0.320581
0.820000 0.327634
0.830000 0.334468
0.840000 0.341085
0.850000 0.347489
0.860000 0.353684
0.870000 0.359674
0.880000 0.365461
0.890000 0.371052
0.900000 0.376449
0.910000 0.381657
0.920000 0.386681
0.930000 0.391525
0.940000 0.396193
0.950000 0.400690
0.960000 0.405022
0.970000 0.409192
0.980000 0.413205
0.990000 0.417067
1.000000 0.420782
1.010000 0.424355
1.020000 0.427790
1.030000 0.431094
1.040000 0.434270
1.050000 0.437323
1.060000 0.440259
1.070000 0.443083
1.080000 0.445798
1.090000 0.448410
1.100000 0.450924
1.110000 0.453344
1.120000 0.455675
1.130000 0.457922
1.140000 0.460088
1.150000 0.462180
1.160000 0.464201
1.170000 0.466155
1.180000 0.468047
1.190000 0.469881
1.200000 0.471662
1.210000 0.473392
1.220000 0.475078
1.230000 0.476721
1.240000 0.478327
1.250000 0.479899
1.260000 0.481440
1.270000 0.482955
1.280000 0.484447
1.290000 0.485920
1.300000 0.487375
1.310000 0.488819
1.320000 0.490252
1.330000 0.491679
1.340000 0.493102
1.350000 0.494524
1.360000 0.495949
1.370000 0.497379
1.380000 0.498817
1.390000 0.500265
1.400000 0.501726
1.410000 0.503203
1.420000 0.504697
1.430000 0.506212
1.440000 0.507750
1.450000 0.509312
1.460000 0.510901
1.470000 0.512518
1.480000 0.514167
1.490000 0.515848
1.500000 0.517564
1.510000 0.519316
1.520000 0.521107
1.530000 0.522937
1.540000 0.524808
1.550000 0.526723
1.560000 0.528682
1.570000 0.530686
1.580000 0.532738
1.590000 0.534838
1.600000 0.536988
1.610000 0.539190
1.620000 0.541443
1.630000 0.543750
1.640000 0.546111
1.650000 0.548528
1.660000 0.551001
1.670000 0.553532
1.680000 0.556121
1.690000 0.558770
1.700000 0.561479
1.710000 0.564248
1.720000 0.567080
1.730000 0.569974
1.740000 0.572932
1.750000 0.575954
1.760000 0.579040
1.770000 0.582192
1.780000 0.585410
1.790000 0.588695
1.800000 0.592047
1.810000 0.595467
1.820000 0.598955
1.830000 0.602512
1.840000 0.606138
1.850000 0.609834
1.860000 0.613601
1.870000 0.617439
1.880000 0.621348
1.890000 0.625328
1.900000 0.629381
1.910000 0.633507
1.920000 0.637705
1.930000 0.641977
1.940000 0.646322
1.950000 0.650742
1.960000 0.655236
1.970000 0.659805
1.980000 0.664449
1.990000 0.669168
2.000000 0.673964
2.010000 0.678835
2.020000 0.683783
2.030000 0.688808
2.040000 0.693910
2.050000 0.699090
2.060000 0.704347
2.070000 0.709683
2.080000 0.715097
2.090000 0.720589
2.100000 0.726161
2.110000 0.731812
2.120000 0.737542
2.130000 0.743353
2.140000 0.749244
2.150000 0.755215
2.160000 0.761267
2.170000 0.767401
2.180000 0.773616
2.190000 0.779913
2.200000 0.786292
2.210000 0.792753
2.220000 0.799297
2.230000 0.805925
2.240000 0.812636
2.250000 0.819431
2.260000 0.826310
2.270000 0.833273
2.280000 0.840322
2.290000 0.847456
2.300000 0.854675
2.310000 0.861980
2.320000 0.869372
2.330000 0.876851
2.340000 0.884416
2.350000 0.892070
2.360000 0.899811
2.370000 0.907640
2.380000 0.915558
2.390000 0.923566
2.400000 0.931663
2.410000 0.939850
2.420000 0.948128
2.430000 0.956497
2.440000 0.964957
2.450000 0.973508
2.460000 0.982153
2.470000 0.990890
2.480000 0.999720
2.490000 1.008645
2.500000 1.017663
2.510000 1.026777
2.520000 1.035985
2.530000 1.045290
2.540000 1.054691
2.550000 1.064189
2.560000 1.073785
2.570000 1.083479
2.580000 1.093271
2.590000 1.103163
2.600000 1.113154
2.610000 1.123246
2.620000 1.133439
2.630000 1.143734
2.640000 1.154131
2.650000 1.164631
2.660000 1.175235
2.670000 1.185943
2.680000 1.196755
2.690000 1.207674
2.700000 1.218698
2.710000 1.229830
2.720000 1.241069
2.730000 1.252417
2.740000 1.263874
2.750000 1.275440
2.760000 1.287117
2.770000 1.298906
2.780000 1.310807
2.790000 1.322820
2.800000 1.334947
2.810000 1.347189
2.820000 1.359546
2.830000 1.372019
2.840000 1.384609
2.850000 1.397317
2.860000 1.410143
2.870000 1.423089
2.880000 1.436156
2.890000 1.449343
2.900000 1.462653
2.910000 1.476085
2.920000 1.489642
2.930000 1.503323
2.940000 1.517130
2.950000 1.531064
2.960000 1.545126
2.970000 1.559316
2.980000 1.573636
2.990000 1.588087


# ЛЕВАЯ РАЗНОСТЬ (1-я производная)
0.110000 -0.748608
0.120000 -0.736490
0.130000 -0.723918
0.140000 -0.710918
0.150000 -0.697516
0.160000 -0.683737
0.170000 -0.669605
0.180000 -0.655144
0.190000 -0.640376
0.200000 -0.625325
0.210000 -0.610012
0.220000 -0.594457
0.230000 -0.578682
0.240000 -0.562706
0.250000 -0.546548
0.260000 -0.530228
0.270000 -0.513763
0.280000 -0.497171
0.290000 -0.480470
0.300000 -0.463675
0.310000 -0.446803
0.320000 -0.429869
0.330000 -0.412889
0.340000 -0.395876
0.350000 -0.378846
0.360000 -0.361813
0.370000 -0.344788
0.380000 -0.327785
0.390000 -0.310818
0.400000 -0.293896
0.410000 -0.277034
0.420000 -0.260240
0.430000 -0.243527
0.440000 -0.226905
0.450000 -0.210384
0.460000 -0.193974
0.470000 -0.177683
0.480000 -0.161522
0.490000 -0.145498
0.500000 -0.129621
0.510000 -0.113897
0.520000 -0.098335
0.530000 -0.082941
0.540000 -0.067724
0.550000 -0.052688
0.560000 -0.037842
0.570000 -0.023189
0.580000 -0.008737
0.590000 0.005510
0.600000 0.019547
0.610000 0.033368
0.620000 0.046971
0.630000 0.060351
0.640000 0.073503
0.650000 0.086426
0.660000 0.099116
0.670000 0.111570
0.680000 0.123785
0.690000 0.135761
0.700000 0.147494
0.710000 0.158984
0.720000 0.170229
0.730000 0.181229
0.740000 0.191982
0.750000 0.202489
0.760000 0.212749
0.770000 0.222763
0.780000 0.232531
0.790000 0.242053
0.800000 0.251332
0.810000 0.260367
0.820000 0.269162
0.830000 0.277716
0.840000 0.286033
0.850000 0.294114
0.860000 0.301963
0.870000 0.309580
0.880000 0.316970
0.890000 0.324135
0.900000 0.331079
0.910000 0.337804
0.920000 0.344314
0.930000 0.350613
0.940000 0.356704
0.950000 0.362592
0.960000 0.368281
0.970000 0.373774
0.980000 0.379076
0.990000 0.384192
1.000000 0.389125
1.010000 0.393880
1.020000 0.398463
1.030000 0.402877
1.040000 0.407127
1.050000 0.411218
1.060000 0.415155
1.070000 0.418943
1.080000 0.422586
1.090000 0.426089
1.100000 0.429458
1.110000 0.432697
1.120000 0.435812
1.130000 0.438806
1.140000 0.441685
1.150000 0.444453
1.160000 0.447117
1.170000 0.449679
1.180000 0.452145
1.190000 0.454520
1.200000 0.456808
1.210000 0.459015
1.220000 0.461143
1.230000 0.463199
1.240000 0.465186
1.250000 0.467108
1.260000 0.468971
1.270000 0.470778
1.280000 0.472533
1.290000 0.474240
1.300000 0.475904
1.310000 0.477529
1.320000 0.479117
1.330000 0.480673
1.340000 0.482201
1.350000 0.483704
1.360000 0.485186
1.370000 0.486649
1.380000 0.488098
1.390000 0.489536
1.400000 0.490966
1.410000 0.492390
1.420000 0.493813
1.430000 0.495236
1.440000 0.496663
1.450000 0.498097
1.460000 0.499539
1.470000 0.500994
1.480000 0.502462
1.490000 0.503948
1.500000 0.505452
1.510000 0.506978
1.520000 0.508527
1.530000 0.510103
1.540000 0.511706
1.550000 0.513339
1.560000 0.515003
1.570000 0.516702
1.580000 0.518436
1.590000 0.520207
1.600000 0.522017
1.610000 0.523867
1.620000 0.525760
1.630000 0.527697
1.640000 0.529678
1.650000 0.531706
1.660000 0.533782
1.670000 0.535907
1.680000 0.538083
1.690000 0.540310
1.700000 0.542590
1.710000 0.544924
1.720000 0.547312
1.730000 0.549757
1.740000 0.552259
1.750000 0.554819
1.760000 0.557438
1.770000 0.560117
1.780000 0.562856
1.790000 0.565656
1.800000 0.568519
1.810000 0.571445
1.820000 0.574435
1.830000 0.577489
1.840000 0.580608
1.850000 0.583793
1.860000 0.587044
1.870000 0.590362
1.880000 0.593748
1.890000 0.597202
1.900000 0.600724
1.910000 0.604316
1.920000 0.607978
1.930000 0.611709
1.940000 0.615511
1.950000 0.619384
1.960000 0.623329
1.970000 0.627346
1.980000 0.631435
1.990000 0.635597
2.000000 0.639832
2.010000 0.644140
2.020000 0.648523
2.030000 0.652979
2.040000 0.657511
2.050000 0.662117
2.060000 0.666799
2.070000 0.671556
2.080000 0.676390
2.090000 0.681300
2.100000 0.686286
2.110000 0.691350
2.120000 0.696490
2.130000 0.701709
2.140000 0.707005
2.150000 0.712380
2.160000 0.717833
2.170000 0.723365
2.180000 0.728976
2.190000 0.734667
2.200000 0.740438
2.210000 0.746288
2.220000 0.752219
2.230000 0.758231
2.240000 0.764324
2.250000 0.770498
2.260000 0.776754
2.270000 0.783092
2.280000 0.789512
2.290000 0.796015
2.300000 0.802601
2.310000 0.809270
2.320000 0.816023
2.330000 0.822860
2.340000 0.829781
2.350000 0.836787
2.360000 0.843878
2.370000 0.851055
2.380000 0.858317
2.390000 0.865665
2.400000 0.873101
2.410000 0.880623
2.420000 0.888232
2.430000 0.895929
2.440000 0.903714
2.450000 0.911588
2.460000 0.919551
2.470000 0.927603
2.480000 0.935745
2.490000 0.943978
2.500000 0.952301
2.510000 0.960715
2.520000 0.969221
2.530000 0.977819
2.540000 0.986510
2.550000 0.995293
2.560000 1.004171
2.570000 1.013142
2.580000 1.022208
2.590000 1.031369
2.600000 1.040626
2.610000 1.049979
2.620000 1.059428
2.630000 1.068975
2.640000 1.078620
2.650000 1.088363
2.660000 1.098205
2.670000 1.108146
2.680000 1.118188
2.690000 1.128330
2.700000 1.138574
2.710000 1.148920
2.720000 1.159368
2.730000 1.169920
2.740000 1.180576
2.750000 1.191336
2.760000 1.202201
2.770000 1.213173
2.780000 1.224251
2.790000 1.235436
2.800000 1.246729
2.810000 1.258131
2.820000 1.269643
2.830000 1.281265
2.840000 1.292998
2.850000 1.304842
2.860000 1.316799
2.870000 1.328870
2.880000 1.341054
2.890000 1.353353
2.900000 1.365768
2.910000 1.378300
2.920000 1.390948
2.930000 1.403715
2.940000 1.416601
2.950000 1.429607
2.960000 1.442734
2.970000 1.455982
2.980000 1.469353
2.990000 1.482848


# ЦЕНТРАЛЬНАЯ РАЗНОСТЬ (1-я производная)
0.110000 -0.698203
0.120000 -0.684688
0.130000 -0.670809
0.140000 -0.656591
0.150000 -0.642056
0.160000 -0.627227
0.170000 -0.612127
0.180000 -0.596776
0.190000 -0.581194
0.200000 -0.565404
0.210000 -0.549422
0.220000 -0.533270
0.230000 -0.516965
0.240000 -0.500524
0.250000 -0.483966
0.260000 -0.467307
0.270000 -0.450563
0.280000 -0.433750
0.290000 -0.416884
0.300000 -0.399979
0.310000 -0.383050
0.320000 -0.366110
0.330000 -0.349173
0.340000 -0.332252
0.350000 -0.315360
0.360000 -0.298508
0.370000 -0.281710
0.380000 -0.264975
0.390000 -0.248315
0.400000 -0.231741
0.410000 -0.215263
0.420000 -0.198890
0.430000 -0.182633
0.440000 -0.166500
0.450000 -0.150500
0.460000 -0.134642
0.470000 -0.118933
0.480000 -0.103381
0.490000 -0.087994
0.500000 -0.072779
0.510000 -0.057742
0.520000 -0.042890
0.530000 -0.028228
0.540000 -0.013763
0.550000 0.000500
0.560000 0.014557
0.570000 0.028402
0.580000 0.042032
0.590000 0.055441
0.600000 0.068627
0.610000 0.081586
0.620000 0.094314
0.630000 0.106810
0.640000 0.119070
0.650000 0.131093
0.660000 0.142876
0.670000 0.154418
0.680000 0.165718
0.690000 0.176774
0.700000 0.187586
0.710000 0.198153
0.720000 0.208476
0.730000 0.218554
0.740000 0.228388
0.750000 0.237979
0.760000 0.247327
0.770000 0.256433
0.780000 0.265299
0.790000 0.273927
0.800000 0.282318
0.810000 0.290474
0.820000 0.298398
0.830000 0.306092
0.840000 0.313559
0.850000 0.320802
0.860000 0.327823
0.870000 0.334627
0.880000 0.341216
0.890000 0.347593
0.900000 0.353764
0.910000 0.359730
0.920000 0.365497
0.930000 0.371069
0.940000 0.376449
0.950000 0.381641
0.960000 0.386651
0.970000 0.391483
0.980000 0.396141
0.990000 0.400629
1.000000 0.404953
1.010000 0.409118
1.020000 0.413127
1.030000 0.416985
1.040000 0.420698
1.050000 0.424271
1.060000 0.427707
1.070000 0.431013
1.080000 0.434192
1.090000 0.437250
1.100000 0.440191
1.110000 0.443021
1.120000 0.445743
1.130000 0.448364
1.140000 0.450887
1.150000 0.453317
1.160000 0.455659
1.170000 0.457917
1.180000 0.460096
1.190000 0.462201
1.200000 0.464235
1.210000 0.466204
1.220000 0.468110
1.230000 0.469960
1.240000 0.471756
1.250000 0.473504
1.260000 0.475206
1.270000 0.476867
1.280000 0.478490
1.290000 0.480080
1.300000 0.481640
1.310000 0.483174
1.320000 0.484684
1.330000 0.486176
1.340000 0.487651
1.350000 0.489114
1.360000 0.490567
1.370000 0.492014
1.380000 0.493458
1.390000 0.494901
1.400000 0.496346
1.410000 0.497797
1.420000 0.499255
1.430000 0.500724
1.440000 0.502206
1.450000 0.503704
1.460000 0.505220
1.470000 0.506756
1.480000 0.508315
1.490000 0.509898
1.500000 0.511508
1.510000 0.513147
1.520000 0.514817
1.530000 0.516520
1.540000 0.518257
1.550000 0.520031
1.560000 0.521842
1.570000 0.523694
1.580000 0.525587
1.590000 0.527523
1.600000 0.529503
1.610000 0.531529
1.620000 0.533602
1.630000 0.535723
1.640000 0.537895
1.650000 0.540117
1.660000 0.542392
1.670000 0.544719
1.680000 0.547102
1.690000 0.549540
1.700000 0.552034
1.710000 0.554586
1.720000 0.557196
1.730000 0.559866
1.740000 0.562596
1.750000 0.565386
1.760000 0.568239
1.770000 0.571154
1.780000 0.574133
1.790000 0.577176
1.800000 0.580283
1.810000 0.583456
1.820000 0.586695
1.830000 0.590000
1.840000 0.593373
1.850000 0.596814
1.860000 0.600323
1.870000 0.603901
1.880000 0.607548
1.890000 0.611265
1.900000 0.615053
1.910000 0.618911
1.920000 0.622841
1.930000 0.626843
1.940000 0.630917
1.950000 0.635063
1.960000 0.639282
1.970000 0.643575
1.980000 0.647942
1.990000 0.652382
2.000000 0.656898
2.010000 0.661488
2.020000 0.666153
2.030000 0.670894
2.040000 0.675711
2.050000 0.680604
2.060000 0.685573
2.070000 0.690620
2.080000 0.695743
2.090000 0.700944
2.100000 0.706223
2.110000 0.711581
2.120000 0.717016
2.130000 0.722531
2.140000 0.728124
2.150000 0.733797
2.160000 0.739550
2.170000 0.745383
2.180000 0.751296
2.190000 0.757290
2.200000 0.763365
2.210000 0.769521
2.220000 0.775758
2.230000 0.782078
2.240000 0.788480
2.250000 0.794964
2.260000 0.801532
2.270000 0.808183
2.280000 0.814917
2.290000 0.821735
2.300000 0.828638
2.310000 0.835625
2.320000 0.842698
2.330000 0.849855
2.340000 0.857099
2.350000 0.864428
2.360000 0.871844
2.370000 0.879347
2.380000 0.886938
2.390000 0.894616
2.400000 0.902382
2.410000 0.910236
2.420000 0.918180
2.430000 0.926213
2.440000 0.934335
2.450000 0.942548
2.460000 0.950852
2.470000 0.959247
2.480000 0.967733
2.490000 0.976311
2.500000 0.984982
2.510000 0.993746
2.520000 1.002603
2.530000 1.011555
2.540000 1.020600
2.550000 1.029741
2.560000 1.038978
2.570000 1.048310
2.580000 1.057740
2.590000 1.067266
2.600000 1.076890
2.610000 1.086612
2.620000 1.096434
2.630000 1.106355
2.640000 1.116375
2.650000 1.126497
2.660000 1.136720
2.670000 1.147044
2.680000 1.157472
2.690000 1.168002
2.700000 1.178636
2.710000 1.189375
2.720000 1.200219
2.730000 1.211168
2.740000 1.222225
2.750000 1.233388
2.760000 1.244659
2.770000 1.256039
2.780000 1.267529
2.790000 1.279128
2.800000 1.290838
2.810000 1.302660
2.820000 1.314595
2.830000 1.326642
2.840000 1.338803
2.850000 1.351080
2.860000 1.363471
2.870000 1.375979
2.880000 1.388605
2.890000 1.401348
2.900000 1.414210
2.910000 1.427192
2.920000 1.440295
2.930000 1.453519
2.940000 1.466866
2.950000 1.480336
2.960000 1.493930
2.970000 1.507649
2.980000 1.521495
2.990000 1.535467


# 3-ТОЧЕЧНАЯ ВПЕРЕД (1-я производная)
0.110000 -0.706581
0.120000 -0.692446
0.130000 -0.677964
0.140000 -0.663160
0.150000 -0.648056
0.160000 -0.632675
0.170000 -0.617038
0.180000 -0.601167
0.190000 -0.585081
0.200000 -0.568800
0.210000 -0.552344
0.220000 -0.535731
0.230000 -0.518978
0.240000 -0.502105
0.250000 -0.485127
0.260000 -0.468062
0.270000 -0.450924
0.280000 -0.433730
0.290000 -0.416495
0.300000 -0.399233
0.310000 -0.381958
0.320000 -0.364684
0.330000 -0.347425
0.340000 -0.330192
0.350000 -0.312999
0.360000 -0.295858
0.370000 -0.278780
0.380000 -0.261776
0.390000 -0.244857
0.400000 -0.228035
0.410000 -0.211318
0.420000 -0.194716
0.430000 -0.178240
0.440000 -0.161898
0.450000 -0.145698
0.460000 -0.129649
0.470000 -0.113760
0.480000 -0.098037
0.490000 -0.082488
0.500000 -0.067120
0.510000 -0.051939
0.520000 -0.036953
0.530000 -0.022166
0.540000 -0.007584
0.550000 0.006786
0.560000 0.020941
0.570000 0.034876
0.580000 0.048586
0.590000 0.062068
0.600000 0.075317
0.610000 0.088330
0.620000 0.101106
0.630000 0.113639
0.640000 0.125929
0.650000 0.137974
0.660000 0.149771
0.670000 0.161319
0.680000 0.172616
0.690000 0.183663
0.700000 0.194459
0.710000 0.205002
0.720000 0.215294
0.730000 0.225335
0.740000 0.235124
0.750000 0.244664
0.760000 0.253955
0.770000 0.262998
0.780000 0.271795
0.790000 0.280348
0.800000 0.288659
0.810000 0.296730
0.820000 0.304564
0.830000 0.312164
0.840000 0.319532
0.850000 0.326672
0.860000 0.333586
0.870000 0.340279
0.880000 0.346754
0.890000 0.353014
0.900000 0.359064
0.910000 0.364908
0.920000 0.370550
0.930000 0.375994
0.940000 0.381245
0.950000 0.386306
0.960000 0.391184
0.970000 0.395882
0.980000 0.400405
0.990000 0.404758
1.000000 0.408946
1.010000 0.412974
1.020000 0.416846
1.030000 0.420568
1.040000 0.424145
1.050000 0.427581
1.060000 0.430882
1.070000 0.434052
1.080000 0.437097
1.090000 0.440022
1.100000 0.442831
1.110000 0.445530
1.120000 0.448123
1.130000 0.450616
1.140000 0.453012
1.150000 0.455318
1.160000 0.457537
1.170000 0.459674
1.180000 0.461734
1.190000 0.463721
1.200000 0.465640
1.210000 0.467496
1.220000 0.469292
1.230000 0.471033
1.240000 0.472722
1.250000 0.474365
1.260000 0.475966
1.270000 0.477527
1.280000 0.479053
1.290000 0.480548
1.300000 0.482015
1.310000 0.483458
1.320000 0.484881
1.330000 0.486287
1.340000 0.487679
1.350000 0.489060
1.360000 0.490435
1.370000 0.491805
1.380000 0.493174
1.390000 0.494544
1.400000 0.495920
1.410000 0.497303
1.420000 0.498695
1.430000 0.500101
1.440000 0.501521
1.450000 0.502959
1.460000 0.504417
1.470000 0.505897
1.480000 0.507402
1.490000 0.508933
1.500000 0.510493
1.510000 0.512084
1.520000 0.513707
1.530000 0.515364
1.540000 0.517058
1.550000 0.518789
1.560000 0.520561
1.570000 0.522373
1.580000 0.524228
1.590000 0.526128
1.600000 0.528073
1.610000 0.530065
1.620000 0.532106
1.630000 0.534197
1.640000 0.536338
1.650000 0.538532
1.660000 0.540779
1.670000 0.543080
1.680000 0.545437
1.690000 0.547851
1.700000 0.550321
1.710000 0.552850
1.720000 0.555439
1.730000 0.558087
1.740000 0.560797
1.750000 0.563568
1.760000 0.566402
1.770000 0.569300
1.780000 0.572261
1.790000 0.575287
1.800000 0.578378
1.810000 0.581535
1.820000 0.584759
1.830000 0.588050
1.840000 0.591409
1.850000 0.594836
1.860000 0.598332
1.870000 0.601897
1.880000 0.605532
1.890000 0.609237
1.900000 0.613013
1.910000 0.616860
1.920000 0.620779
1.930000 0.624770
1.940000 0.628833
1.950000 0.632969
1.960000 0.637179
1.970000 0.641462
1.980000 0.645819
1.990000 0.650250
2.000000 0.654756
2.010000 0.659336
2.020000 0.663992
2.030000 0.668724
2.040000 0.673532
2.050000 0.678416
2.060000 0.683377
2.070000 0.688414
2.080000 0.693529
2.090000 0.698722
2.100000 0.703992
2.110000 0.709341
2.120000 0.714767
2.130000 0.720273
2.140000 0.725858
2.150000 0.731522
2.160000 0.737266
2.170000 0.743090
2.180000 0.748994
2.190000 0.754978
2.200000 0.761044
2.210000 0.767191
2.220000 0.773419
2.230000 0.779729
2.240000 0.786121
2.250000 0.792596
2.260000 0.799154
2.270000 0.805794
2.280000 0.812518
2.290000 0.819326
2.300000 0.826218
2.310000 0.833195
2.320000 0.840257
2.330000 0.847403
2.340000 0.854636
2.350000 0.861954
2.360000 0.869358
2.370000 0.876850
2.380000 0.884428
2.390000 0.892094
2.400000 0.899848
2.410000 0.907690
2.420000 0.915621
2.430000 0.923641
2.440000 0.931750
2.450000 0.939950
2.460000 0.948240
2.470000 0.956621
2.480000 0.965093
2.490000 0.973657
2.500000 0.982313
2.510000 0.991063
2.520000 0.999905
2.530000 1.008841
2.540000 1.017872
2.550000 1.026997
2.560000 1.036218
2.570000 1.045534
2.580000 1.054947
2.590000 1.064456
2.600000 1.074064
2.610000 1.083769
2.620000 1.093573
2.630000 1.103476
2.640000 1.113479
2.650000 1.123582
2.660000 1.133786
2.670000 1.144092
2.680000 1.154501
2.690000 1.165012
2.700000 1.175626
2.710000 1.186345
2.720000 1.197169
2.730000 1.208098
2.740000 1.219134
2.750000 1.230276
2.760000 1.241526
2.770000 1.252885
2.780000 1.264352
2.790000 1.275930
2.800000 1.287617
2.810000 1.299417
2.820000 1.311328
2.830000 1.323352
2.840000 1.335490
2.850000 1.347742
2.860000 1.360110
2.870000 1.372593
2.880000 1.385194
2.890000 1.397912
2.900000 1.410749
2.910000 1.423705
2.920000 1.436782
2.930000 1.449980
2.940000 1.463300
2.950000 1.476742
2.960000 1.490309
2.970000 1.504001
2.980000 1.517819


# 3-ТОЧЕЧНАЯ НАЗАД (1-я производная)
0.120000 -8.565666
0.130000 -8.495120
0.140000 -8.424669
0.150000 -0.652752
0.160000 -0.637238
0.170000 -0.621471
0.180000 -0.605472
0.190000 -0.589261
0.200000 -0.572858
0.210000 -0.556282
0.220000 -0.539552
0.230000 -0.522686
0.240000 -0.505702
0.250000 -0.488615
0.260000 -0.471444
0.270000 -0.454202
0.280000 -0.436907
0.290000 -0.419573
0.300000 -0.402214
0.310000 -0.384845
0.320000 -0.367479
0.330000 -0.350129
0.340000 -0.332808
0.350000 -0.315529
0.360000 -0.298302
0.370000 -0.281140
0.380000 -0.264054
0.390000 -0.247055
0.400000 -0.230153
0.410000 -0.213358
0.420000 -0.196679
0.430000 -0.180126
0.440000 -0.163709
0.450000 -0.147434
0.460000 -0.131312
0.470000 -0.115350
0.480000 -0.099554
0.490000 -0.083934
0.500000 -0.068494
0.510000 -0.053243
0.520000 -0.038186
0.530000 -0.023330
0.540000 -0.008679
0.550000 0.005760
0.560000 0.019984
0.570000 0.033986
0.580000 0.047764
0.590000 0.061312
0.600000 0.074628
0.610000 0.087708
0.620000 0.100548
0.630000 0.113146
0.640000 0.125500
0.650000 0.137608
0.660000 0.149468
0.670000 0.161077
0.680000 0.172436
0.690000 0.183543
0.700000 0.194397
0.710000 0.204998
0.720000 0.215347
0.730000 0.225443
0.740000 0.235287
0.750000 0.244880
0.760000 0.254222
0.770000 0.263315
0.780000 0.272161
0.790000 0.280761
0.800000 0.289118
0.810000 0.297233
0.820000 0.305109
0.830000 0.312750
0.840000 0.320156
0.850000 0.327333
0.860000 0.334283
0.870000 0.341009
0.880000 0.347515
0.890000 0.353805
0.900000 0.359883
0.910000 0.365753
0.920000 0.371419
0.930000 0.376885
0.940000 0.382156
0.950000 0.387237
0.960000 0.392131
0.970000 0.396844
0.980000 0.401380
0.990000 0.405745
1.000000 0.409943
1.010000 0.413978
1.020000 0.417857
1.030000 0.421584
1.040000 0.425164
1.050000 0.428602
1.060000 0.431904
1.070000 0.435073
1.080000 0.438116
1.090000 0.441038
1.100000 0.443842
1.110000 0.446535
1.120000 0.449122
1.130000 0.451606
1.140000 0.453994
1.150000 0.456289
1.160000 0.458498
1.170000 0.460623
1.180000 0.462671
1.190000 0.464645
1.200000 0.466551
1.210000 0.468392
1.220000 0.470174
1.230000 0.471899
1.240000 0.473574
1.250000 0.475201
1.260000 0.476785
1.270000 0.478329
1.280000 0.479839
1.290000 0.481316
1.300000 0.482767
1.310000 0.484193
1.320000 0.485598
1.330000 0.486986
1.340000 0.488361
1.350000 0.489725
1.360000 0.491082
1.370000 0.492435
1.380000 0.493787
1.390000 0.495141
1.400000 0.496499
1.410000 0.497865
1.420000 0.499242
1.430000 0.500631
1.440000 0.502035
1.450000 0.503457
1.460000 0.504900
1.470000 0.506365
1.480000 0.507854
1.490000 0.509371
1.500000 0.510916
1.510000 0.512492
1.520000 0.514102
1.530000 0.515746
1.540000 0.517426
1.550000 0.519145
1.560000 0.520904
1.570000 0.522704
1.580000 0.524547
1.590000 0.526435
1.600000 0.528369
1.610000 0.530351
1.620000 0.532381
1.630000 0.534461
1.640000 0.536593
1.650000 0.538777
1.660000 0.541015
1.670000 0.543307
1.680000 0.545655
1.690000 0.548060
1.700000 0.550523
1.710000 0.553045
1.720000 0.555626
1.730000 0.558267
1.740000 0.560970
1.750000 0.563734
1.760000 0.566562
1.770000 0.569453
1.780000 0.572409
1.790000 0.575429
1.800000 0.578515
1.810000 0.581667
1.820000 0.584886
1.830000 0.588173
1.840000 0.591527
1.850000 0.594950
1.860000 0.598442
1.870000 0.602004
1.880000 0.605635
1.890000 0.609337
1.900000 0.613110
1.910000 0.616954
1.920000 0.620870
1.930000 0.624858
1.940000 0.628919
1.950000 0.633053
1.960000 0.637260
1.970000 0.641541
1.980000 0.645896
1.990000 0.650326
2.000000 0.654830
2.010000 0.659410
2.020000 0.664065
2.030000 0.668795
2.040000 0.673602
2.050000 0.678485
2.060000 0.683445
2.070000 0.688482
2.080000 0.693596
2.090000 0.698788
2.100000 0.704058
2.110000 0.709407
2.120000 0.714833
2.130000 0.720339
2.140000 0.725924
2.150000 0.731588
2.160000 0.737332
2.170000 0.743156
2.180000 0.749060
2.190000 0.755045
2.200000 0.761111
2.210000 0.767259
2.220000 0.773487
2.230000 0.779798
2.240000 0.786191
2.250000 0.792667
2.260000 0.799225
2.270000 0.805867
2.280000 0.812592
2.290000 0.819401
2.300000 0.826294
2.310000 0.833271
2.320000 0.840334
2.330000 0.847482
2.340000 0.854715
2.350000 0.862035
2.360000 0.869441
2.370000 0.876933
2.380000 0.884513
2.390000 0.892180
2.400000 0.899935
2.410000 0.907779
2.420000 0.915711
2.430000 0.923733
2.440000 0.931844
2.450000 0.940045
2.460000 0.948336
2.470000 0.956719
2.480000 0.965193
2.490000 0.973758
2.500000 0.982416
2.510000 0.991167
2.520000 1.000011
2.530000 1.008949
2.540000 1.017982
2.550000 1.027109
2.560000 1.036331
2.570000 1.045649
2.580000 1.055064
2.590000 1.064575
2.600000 1.074184
2.610000 1.083891
2.620000 1.093697
2.630000 1.103602
2.640000 1.113607
2.650000 1.123712
2.660000 1.133919
2.670000 1.144226
2.680000 1.154637
2.690000 1.165150
2.700000 1.175766
2.710000 1.186487
2.720000 1.197313
2.730000 1.208244
2.740000 1.219282
2.750000 1.230427
2.760000 1.241679
2.770000 1.253039
2.780000 1.264509
2.790000 1.276088
2.800000 1.287778
2.810000 1.299580
2.820000 1.311493
2.830000 1.323520
2.840000 1.335660
2.850000 1.347914
2.860000 1.360284
2.870000 1.372770
2.880000 1.385373
2.890000 1.398093
2.900000 1.410932
2.910000 1.423891
2.920000 1.436970
2.930000 1.450170
2.940000 1.463492
2.950000 1.476937
2.960000 1.490507
2.970000 1.504201
2.980000 1.518021
2.990000 1.531967


# 4-ТОЧЕЧНАЯ (1-я производная)
0.110000 -0.700996
0.120000 -0.687274
0.130000 -0.673194
0.140000 -0.658780
0.150000 -0.644056
0.160000 -0.629043
0.170000 -0.613764
0.180000 -0.598239
0.190000 -0.582490
0.200000 -0.566536
0.210000 -0.550396
0.220000 -0.534090
0.230000 -0.517636
0.240000 -0.501051
0.250000 -0.484353
0.260000 -0.467558
0.270000 -0.450683
0.280000 -0.433744
0.290000 -0.416754
0.300000 -0.399730
0.310000 -0.382686
0.320000 -0.365634
0.330000 -0.348590
0.340000 -0.331565
0.350000 -0.314573
0.360000 -0.297625
0.370000 -0.280733
0.380000 -0.263909
0.390000 -0.247163
0.400000 -0.230506
0.410000 -0.213948
0.420000 -0.197499
0.430000 -0.181169
0.440000 -0.164966
0.450000 -0.148899
0.460000 -0.132978
0.470000 -0.117209
0.480000 -0.101600
0.490000 -0.086159
0.500000 -0.070893
0.510000 -0.055808
0.520000 -0.040911
0.530000 -0.026208
0.540000 -0.011704
0.550000 0.002596
0.560000 0.016685
0.570000 0.030560
0.580000 0.044216
0.590000 0.057650
0.600000 0.070857
0.610000 0.083834
0.620000 0.096578
0.630000 0.109087
0.640000 0.121357
0.650000 0.133387
0.660000 0.145174
0.670000 0.156718
0.680000 0.168017
0.690000 0.179070
0.700000 0.189877
0.710000 0.200436
0.720000 0.210749
0.730000 0.220815
0.740000 0.230634
0.750000 0.240207
0.760000 0.249536
0.770000 0.258621
0.780000 0.267464
0.790000 0.276067
0.800000 0.284431
0.810000 0.292559
0.820000 0.300453
0.830000 0.308116
0.840000 0.315550
0.850000 0.322759
0.860000 0.329744
0.870000 0.336511
0.880000 0.343062
0.890000 0.349400
0.900000 0.355531
0.910000 0.361456
0.920000 0.367181
0.930000 0.372710
0.940000 0.378047
0.950000 0.383196
0.960000 0.388162
0.970000 0.392949
0.980000 0.397562
0.990000 0.402006
1.000000 0.406284
1.010000 0.410403
1.020000 0.414366
1.030000 0.418179
1.040000 0.421847
1.050000 0.425374
1.060000 0.428765
1.070000 0.432026
1.080000 0.435160
1.090000 0.438174
1.100000 0.441071
1.110000 0.443857
1.120000 0.446537
1.130000 0.449114
1.140000 0.451595
1.150000 0.453984
1.160000 0.456285
1.170000 0.458503
1.180000 0.460642
1.190000 0.462707
1.200000 0.464703
1.210000 0.466634
1.220000 0.468504
1.230000 0.470318
1.240000 0.472078
1.250000 0.473791
1.260000 0.475459
1.270000 0.477087
1.280000 0.478678
1.290000 0.480236
1.300000 0.481765
1.310000 0.483268
1.320000 0.484750
1.330000 0.486213
1.340000 0.487660
1.350000 0.489096
1.360000 0.490523
1.370000 0.491944
1.380000 0.493363
1.390000 0.494782
1.400000 0.496204
1.410000 0.497632
1.420000 0.499068
1.430000 0.500516
1.440000 0.501978
1.450000 0.503456
1.460000 0.504952
1.470000 0.506470
1.480000 0.508010
1.490000 0.509576
1.500000 0.511170
1.510000 0.512793
1.520000 0.514447
1.530000 0.516135
1.540000 0.517857
1.550000 0.519617
1.560000 0.521415
1.570000 0.523254
1.580000 0.525134
1.590000 0.527058
1.600000 0.529026
1.610000 0.531041
1.620000 0.533103
1.630000 0.535214
1.640000 0.537376
1.650000 0.539589
1.660000 0.541854
1.670000 0.544173
1.680000 0.546547
1.690000 0.548977
1.700000 0.551463
1.710000 0.554007
1.720000 0.556610
1.730000 0.559273
1.740000 0.561996
1.750000 0.564780
1.760000 0.567627
1.770000 0.570536
1.780000 0.573509
1.790000 0.576546
1.800000 0.579648
1.810000 0.582816
1.820000 0.586050
1.830000 0.589350
1.840000 0.592718
1.850000 0.596154
1.860000 0.599659
1.870000 0.603233
1.880000 0.606876
1.890000 0.610589
1.900000 0.614373
1.910000 0.618228
1.920000 0.622154
1.930000 0.626152
1.940000 0.630222
1.950000 0.634365
1.960000 0.638581
1.970000 0.642871
1.980000 0.647234
1.990000 0.651672
2.000000 0.656184
2.010000 0.660771
2.020000 0.665433
2.030000 0.670171
2.040000 0.674984
2.050000 0.679874
2.060000 0.684841
2.070000 0.689885
2.080000 0.695005
2.090000 0.700204
2.100000 0.705480
2.110000 0.710834
2.120000 0.716267
2.130000 0.721778
2.140000 0.727369
2.150000 0.733039
2.160000 0.738789
2.170000 0.744618
2.180000 0.750529
2.190000 0.756519
2.200000 0.762591
2.210000 0.768744
2.220000 0.774978
2.230000 0.781295
2.240000 0.787694
2.250000 0.794175
2.260000 0.800739
2.270000 0.807386
2.280000 0.814117
2.290000 0.820932
2.300000 0.827831
2.310000 0.834815
2.320000 0.841884
2.330000 0.849038
2.340000 0.856278
2.350000 0.863603
2.360000 0.871016
2.370000 0.878515
2.380000 0.886101
2.390000 0.893775
2.400000 0.901537
2.410000 0.909388
2.420000 0.917327
2.430000 0.925355
2.440000 0.933474
2.450000 0.941682
2.460000 0.949981
2.470000 0.958371
2.480000 0.966853
2.490000 0.975426
2.500000 0.984092
2.510000 0.992851
2.520000 1.001704
2.530000 1.010650
2.540000 1.019691
2.550000 1.028827
2.560000 1.038058
2.570000 1.047385
2.580000 1.056809
2.590000 1.066329
2.600000 1.075948
2.610000 1.085665
2.620000 1.095480
2.630000 1.105395
2.640000 1.115410
2.650000 1.125525
2.660000 1.135742
2.670000 1.146060
2.680000 1.156481
2.690000 1.167005
2.700000 1.177633
2.710000 1.188365
2.720000 1.199202
2.730000 1.210145
2.740000 1.221194
2.750000 1.232351
2.760000 1.243615
2.770000 1.254988
2.780000 1.266470
2.790000 1.278062
2.800000 1.289765
2.810000 1.301579
2.820000 1.313506
2.830000 1.325545
2.840000 1.337699
2.850000 1.349967
2.860000 1.362351
2.870000 1.374851
2.880000 1.387468
2.890000 1.400203
2.900000 1.413057
2.910000 1.426030
2.920000 1.439124
2.930000 1.452339
2.940000 1.465677
2.950000 1.479138
2.960000 1.492723
2.970000 1.506433
2.980000 1.520269


# АНАЛИТИЧЕСКАЯ ВТОРАЯ ПРОИЗВОДНАЯ
0.100000 1.316366
0.110000 1.355784
0.120000 1.392722
0.130000 1.427249
0.140000 1.459430
0.150000 1.489333
0.160000 1.517021
0.170000 1.542559
0.180000 1.566007
0.190000 1.587427
0.200000 1.606877
0.210000 1.624416
0.220000 1.640100
0.230000 1.653985
0.240000 1.666124
0.250000 1.676569
0.260000 1.685373
0.270000 1.692584
0.280000 1.698252
0.290000 1.702424
0.300000 1.705147
0.310000 1.706465
0.320000 1.706424
0.330000 1.705067
0.340000 1.702436
0.350000 1.698572
0.360000 1.693516
0.370000 1.687309
0.380000 1.679989
0.390000 1.671594
0.400000 1.662163
0.410000 1.651733
0.420000 1.640340
0.430000 1.628022
0.440000 1.614812
0.450000 1.600748
0.460000 1.585864
0.470000 1.570194
0.480000 1.553773
0.490000 1.536636
0.500000 1.518815
0.510000 1.500345
0.520000 1.481259
0.530000 1.461590
0.540000 1.441372
0.550000 1.420636
0.560000 1.399415
0.570000 1.377743
0.580000 1.355651
0.590000 1.333171
0.600000 1.310335
0.610000 1.287175
0.620000 1.263722
0.630000 1.240007
0.640000 1.216061
0.650000 1.191915
0.660000 1.167599
0.670000 1.143143
0.680000 1.118577
0.690000 1.093928
0.700000 1.069227
0.710000 1.044501
0.720000 1.019779
0.730000 0.995086
0.740000 0.970451
0.750000 0.945898
0.760000 0.921453
0.770000 0.897142
0.780000 0.872988
0.790000 0.849013
0.800000 0.825242
0.810000 0.801696
0.820000 0.778395
0.830000 0.755360
0.840000 0.732611
0.850000 0.710166
0.860000 0.688042
0.870000 0.666257
0.880000 0.644826
0.890000 0.623764
0.900000 0.603085
0.910000 0.582804
0.920000 0.562931
0.930000 0.543479
0.940000 0.524457
0.950000 0.505876
0.960000 0.487744
0.970000 0.470069
0.980000 0.452858
0.990000 0.436117
1.000000 0.419851
1.010000 0.404065
1.020000 0.388762
1.030000 0.373946
1.040000 0.359619
1.050000 0.345781
1.060000 0.332434
1.070000 0.319577
1.080000 0.307210
1.090000 0.295332
1.100000 0.283941
1.110000 0.273034
1.120000 0.262608
1.130000 0.252660
1.140000 0.243185
1.150000 0.234180
1.160000 0.225640
1.170000 0.217558
1.180000 0.209929
1.190000 0.202748
1.200000 0.196008
1.210000 0.189702
1.220000 0.183823
1.230000 0.178364
1.240000 0.173319
1.250000 0.168678
1.260000 0.164435
1.270000 0.160581
1.280000 0.157109
1.290000 0.154010
1.300000 0.151276
1.310000 0.148899
1.320000 0.146870
1.330000 0.145182
1.340000 0.143826
1.350000 0.142792
1.360000 0.142074
1.370000 0.141663
1.380000 0.141549
1.390000 0.141726
1.400000 0.142185
1.410000 0.142918
1.420000 0.143917
1.430000 0.145174
1.440000 0.146681
1.450000 0.148431
1.460000 0.150416
1.470000 0.152628
1.480000 0.155060
1.490000 0.157706
1.500000 0.160557
1.510000 0.163608
1.520000 0.166852
1.530000 0.170281
1.540000 0.173889
1.550000 0.177671
1.560000 0.181620
1.570000 0.185730
1.580000 0.189996
1.590000 0.194411
1.600000 0.198970
1.610000 0.203668
1.620000 0.208501
1.630000 0.213461
1.640000 0.218546
1.650000 0.223750
1.660000 0.229069
1.670000 0.234499
1.680000 0.240034
1.690000 0.245672
1.700000 0.251407
1.710000 0.257237
1.720000 0.263158
1.730000 0.269166
1.740000 0.275258
1.750000 0.281430
1.760000 0.287680
1.770000 0.294005
1.780000 0.300401
1.790000 0.306867
1.800000 0.313398
1.810000 0.319994
1.820000 0.326651
1.830000 0.333368
1.840000 0.340142
1.850000 0.346971
1.860000 0.353853
1.870000 0.360786
1.880000 0.367769
1.890000 0.374800
1.900000 0.381878
1.910000 0.389001
1.920000 0.396167
1.930000 0.403375
1.940000 0.410625
1.950000 0.417915
1.960000 0.425243
1.970000 0.432610
1.980000 0.440014
1.990000 0.447454
2.000000 0.454929
2.010000 0.462440
2.020000 0.469984
2.030000 0.477563
2.040000 0.485174
2.050000 0.492818
2.060000 0.500494
2.070000 0.508202
2.080000 0.515942
2.090000 0.523713
2.100000 0.531515
2.110000 0.539348
2.120000 0.547213
2.130000 0.555108
2.140000 0.563033
2.150000 0.570990
2.160000 0.578978
2.170000 0.586996
2.180000 0.595046
2.190000 0.603127
2.200000 0.611239
2.210000 0.619383
2.220000 0.627559
2.230000 0.635767
2.240000 0.644008
2.250000 0.652282
2.260000 0.660589
2.270000 0.668929
2.280000 0.677304
2.290000 0.685713
2.300000 0.694157
2.310000 0.702637
2.320000 0.711152
2.330000 0.719704
2.340000 0.728294
2.350000 0.736920
2.360000 0.745585
2.370000 0.754289
2.380000 0.763032
2.390000 0.771815
2.400000 0.780639
2.410000 0.789505
2.420000 0.798412
2.430000 0.807362
2.440000 0.816355
2.450000 0.825393
2.460000 0.834476
2.470000 0.843604
2.480000 0.852778
2.490000 0.862000
2.500000 0.871270
2.510000 0.880588
2.520000 0.889956
2.530000 0.899374
2.540000 0.908844
2.550000 0.918365
2.560000 0.927939
2.570000 0.937567
2.580000 0.947249
2.590000 0.956987
2.600000 0.966781
2.610000 0.976632
2.620000 0.986541
2.630000 0.996509
2.640000 1.006537
2.650000 1.016626
2.660000 1.026776
2.670000 1.036989
2.680000 1.047265
2.690000 1.057606
2.700000 1.068012
2.710000 1.078485
2.720000 1.089024
2.730000 1.099632
2.740000 1.110310
2.750000 1.121057
2.760000 1.131876
2.770000 1.142767
2.780000 1.153732
2.790000 1.164770
2.800000 1.175884
2.810000 1.187074
2.820000 1.198341
2.830000 1.209686
2.840000 1.221111
2.850000 1.232616
2.860000 1.244203
2.870000 1.255872
2.880000 1.267625
2.890000 1.279462
2.900000 1.291385
2.910000 1.303395
2.920000 1.315493
2.930000 1.327680
2.940000 1.339957
2.950000 1.352325
2.960000 1.364785
2.970000 1.377339
2.980000 1.389987
2.990000 1.402731
3.000000 1.415572


# ПРАВАЯ РАЗНОСТЬ (2-я производная)
0.110000 1.567586
0.120000 1.588289
0.130000 1.607044
0.140000 1.623911
0.150000 1.638944
0.160000 1.652199
0.170000 1.663728
0.180000 1.673583
0.190000 1.681816
0.200000 1.688476
0.210000 1.693610
0.220000 1.697268
0.230000 1.699493
0.240000 1.700332
0.250000 1.699829
0.260000 1.698027
0.270000 1.694967
0.280000 1.690692
0.290000 1.685241
0.300000 1.678654
0.310000 1.670971
0.320000 1.662230
0.330000 1.652469
0.340000 1.641724
0.350000 1.630033
0.360000 1.617432
0.370000 1.603956
0.380000 1.589641
0.390000 1.574522
0.400000 1.558633
0.410000 1.542009
0.420000 1.524684
0.430000 1.506692
0.440000 1.488066
0.450000 1.468839
0.460000 1.449046
0.470000 1.428717
0.480000 1.407888
0.490000 1.386589
0.500000 1.364853
0.510000 1.342713
0.520000 1.320199
0.530000 1.297345
0.540000 1.274181
0.550000 1.250738
0.560000 1.227048
0.570000 1.203141
0.580000 1.179047
0.590000 1.154796
0.600000 1.130418
0.610000 1.105942
0.620000 1.081397
0.630000 1.056811
0.640000 1.032212
0.650000 1.007627
0.660000 0.983082
0.670000 0.958605
0.680000 0.934221
0.690000 0.909954
0.700000 0.885829
0.710000 0.861869
0.720000 0.838097
0.730000 0.814536
0.740000 0.791206
0.750000 0.768129
0.760000 0.745323
0.770000 0.722809
0.780000 0.700603
0.790000 0.678723
0.800000 0.657185
0.810000 0.636005
0.820000 0.615197
0.830000 0.594775
0.840000 0.574752
0.850000 0.555139
0.860000 0.535948
0.870000 0.517189
0.880000 0.498870
0.890000 0.481000
0.900000 0.463587
0.910000 0.446637
0.920000 0.430156
0.930000 0.414149
0.940000 0.398620
0.950000 0.383572
0.960000 0.369009
0.970000 0.354931
0.980000 0.341340
0.990000 0.328237
1.000000 0.315621
1.010000 0.303492
1.020000 0.291847
1.030000 0.280686
1.040000 0.270005
1.050000 0.259801
1.060000 0.250070
1.070000 0.240809
1.080000 0.232013
1.090000 0.223677
1.100000 0.215795
1.110000 0.208362
1.120000 0.201372
1.130000 0.194818
1.140000 0.188694
1.150000 0.182992
1.160000 0.177706
1.170000 0.172828
1.180000 0.168350
1.190000 0.164266
1.200000 0.160566
1.210000 0.157243
1.220000 0.154289
1.230000 0.151696
1.240000 0.149455
1.250000 0.147559
1.260000 0.145998
1.270000 0.144765
1.280000 0.143852
1.290000 0.143249
1.300000 0.142949
1.310000 0.142944
1.320000 0.143225
1.330000 0.143784
1.340000 0.144614
1.350000 0.145706
1.360000 0.147053
1.370000 0.148646
1.380000 0.150479
1.390000 0.152544
1.400000 0.154834
1.410000 0.157340
1.420000 0.160057
1.430000 0.162978
1.440000 0.166094
1.450000 0.169401
1.460000 0.172891
1.470000 0.176558
1.480000 0.180396
1.490000 0.184398
1.500000 0.188560
1.510000 0.192875
1.520000 0.197338
1.530000 0.201943
1.540000 0.206685
1.550000 0.211559
1.560000 0.216560
1.570000 0.221683
1.580000 0.226925
1.590000 0.232279
1.600000 0.237743
1.610000 0.243311
1.620000 0.248980
1.630000 0.254746
1.640000 0.260605
1.650000 0.266553
1.660000 0.272588
1.670000 0.278706
1.680000 0.284903
1.690000 0.291177
1.700000 0.297525
1.710000 0.303944
1.720000 0.310431
1.730000 0.316983
1.740000 0.323599
1.750000 0.330276
1.760000 0.337012
1.770000 0.343804
1.780000 0.350651
1.790000 0.357551
1.800000 0.364501
1.810000 0.371501
1.820000 0.378549
1.830000 0.385642
1.840000 0.392780
1.850000 0.399962
1.860000 0.407186
1.870000 0.414451
1.880000 0.421755
1.890000 0.429099
1.900000 0.436480
1.910000 0.443898
1.920000 0.451353
1.930000 0.458843
1.940000 0.466367
1.950000 0.473926
1.960000 0.481519
1.970000 0.489144
1.980000 0.496803
1.990000 0.504493
2.000000 0.512216
2.010000 0.519970
2.020000 0.527756
2.030000 0.535573
2.040000 0.543422
2.050000 0.551301
2.060000 0.559211
2.070000 0.567153
2.080000 0.575125
2.090000 0.583129
2.100000 0.591163
2.110000 0.599230
2.120000 0.607327
2.130000 0.615456
2.140000 0.623618
2.150000 0.631811
2.160000 0.640037
2.170000 0.648296
2.180000 0.656588
2.190000 0.664914
2.200000 0.673273
2.210000 0.681667
2.220000 0.690096
2.230000 0.698560
2.240000 0.707060
2.250000 0.715596
2.260000 0.724169
2.270000 0.732780
2.280000 0.741429
2.290000 0.750116
2.300000 0.758842
2.310000 0.767608
2.320000 0.776415
2.330000 0.785262
2.340000 0.794152
2.350000 0.803084
2.360000 0.812059
2.370000 0.821078
2.380000 0.830141
2.390000 0.839250
2.400000 0.848405
2.410000 0.857606
2.420000 0.866856
2.430000 0.876153
2.440000 0.885500
2.450000 0.894897
2.460000 0.904344
2.470000 0.913843
2.480000 0.923395
2.490000 0.933000
2.500000 0.942659
2.510000 0.952373
2.520000 0.962143
2.530000 0.971969
2.540000 0.981853
2.550000 0.991796
2.560000 1.001798
2.570000 1.011861
2.580000 1.021984
2.590000 1.032170
2.600000 1.042419
2.610000 1.052732
2.620000 1.063110
2.630000 1.073553
2.640000 1.084064
2.650000 1.094642
2.660000 1.105289
2.670000 1.116006
2.680000 1.126794
2.690000 1.137654
2.700000 1.148586
2.710000 1.159592
2.720000 1.170672
2.730000 1.181829
2.740000 1.193062
2.750000 1.204373
2.760000 1.215763
2.770000 1.227233
2.780000 1.238784
2.790000 1.250417
2.800000 1.262132
2.810000 1.273932
2.820000 1.285818
2.830000 1.297789
2.840000 1.309848
2.850000 1.321995
2.860000 1.334232
2.870000 1.346559
2.880000 1.358979
2.890000 1.371491
2.900000 1.384097
2.910000 1.396798
2.920000 1.409596
2.930000 1.422491
2.940000 1.435485
2.950000 1.448578
2.960000 1.461772
2.970000 1.475069
2.980000 1.488469


# ЛЕВАЯ РАЗНОСТЬ (2-я производная)
0.120000 -208.778012
0.130000 -207.232033
0.140000 -205.700014
0.150000 1.193728
0.160000 1.239986
0.170000 1.283584
0.180000 1.324594
0.190000 1.363085
0.200000 1.399126
0.210000 1.432782
0.220000 1.464121
0.230000 1.493208
0.240000 1.520107
0.250000 1.544879
0.260000 1.567586
0.270000 1.588289
0.280000 1.607044
0.290000 1.623911
0.300000 1.638944
0.310000 1.652199
0.320000 1.663728
0.330000 1.673583
0.340000 1.681816
0.350000 1.688476
0.360000 1.693610
0.370000 1.697268
0.380000 1.699493
0.390000 1.700332
0.400000 1.699829
0.410000 1.698027
0.420000 1.694967
0.430000 1.690692
0.440000 1.685241
0.450000 1.678654
0.460000 1.670971
0.470000 1.662230
0.480000 1.652469
0.490000 1.641724
0.500000 1.630033
0.510000 1.617432
0.520000 1.603956
0.530000 1.589641
0.540000 1.574522
0.550000 1.558633
0.560000 1.542009
0.570000 1.524684
0.580000 1.506692
0.590000 1.488066
0.600000 1.468839
0.610000 1.449046
0.620000 1.428717
0.630000 1.407888
0.640000 1.386589
0.650000 1.364853
0.660000 1.342713
0.670000 1.320199
0.680000 1.297345
0.690000 1.274181
0.700000 1.250738
0.710000 1.227048
0.720000 1.203141
0.730000 1.179047
0.740000 1.154796
0.750000 1.130418
0.760000 1.105942
0.770000 1.081397
0.780000 1.056811
0.790000 1.032212
0.800000 1.007627
0.810000 0.983082
0.820000 0.958605
0.830000 0.934221
0.840000 0.909954
0.850000 0.885829
0.860000 0.861869
0.870000 0.838097
0.880000 0.814536
0.890000 0.791206
0.900000 0.768129
0.910000 0.745323
0.920000 0.722809
0.930000 0.700603
0.940000 0.678723
0.950000 0.657185
0.960000 0.636005
0.970000 0.615197
0.980000 0.594775
0.990000 0.574752
1.000000 0.555139
1.010000 0.535948
1.020000 0.517189
1.030000 0.498870
1.040000 0.481000
1.050000 0.463587
1.060000 0.446637
1.070000 0.430156
1.080000 0.414149
1.090000 0.398620
1.100000 0.383572
1.110000 0.369009
1.120000 0.354931
1.130000 0.341340
1.140000 0.328237
1.150000 0.315621
1.160000 0.303492
1.170000 0.291847
1.180000 0.280686
1.190000 0.270005
1.200000 0.259801
1.210000 0.250070
1.220000 0.240809
1.230000 0.232013
1.240000 0.223677
1.250000 0.215795
1.260000 0.208362
1.270000 0.201372
1.280000 0.194818
1.290000 0.188694
1.300000 0.182992
1.310000 0.177706
1.320000 0.172828
1.330000 0.168350
1.340000 0.164266
1.350000 0.160566
1.360000 0.157243
1.370000 0.154289
1.380000 0.151696
1.390000 0.149455
1.400000 0.147559
1.410000 0.145998
1.420000 0.144765
1.430000 0.143852
1.440000 0.143249
1.450000 0.142949
1.460000 0.142944
1.470000 0.143225
1.480000 0.143784
1.490000 0.144614
1.500000 0.145706
1.510000 0.147053
1.520000 0.148646
1.530000 0.150479
1.540000 0.152544
1.550000 0.154834
1.560000 0.157340
1.570000 0.160057
1.580000 0.162978
1.590000 0.166094
1.600000 0.169401
1.610000 0.172891
1.620000 0.176558
1.630000 0.180396
1.640000 0.184398
1.650000 0.188560
1.660000 0.192875
1.670000 0.197338
1.680000 0.201943
1.690000 0.206685
1.700000 0.211559
1.710000 0.216560
1.720000 0.221683
1.730000 0.226925
1.740000 0.232279
1.750000 0.237743
1.760000 0.243311
1.770000 0.248980
1.780000 0.254746
1.790000 0.260605
1.800000 0.266553
1.810000 0.272588
1.820000 0.278706
1.830000 0.284903
1.840000 0.291177
1.850000 0.297525
1.860000 0.303944
1.870000 0.310431
1.880000 0.316983
1.890000 0.323599
1.900000 0.330276
1.910000 0.337012
1.920000 0.343804
1.930000 0.350651
1.940000 0.357551
1.950000 0.364501
1.960000 0.371501
1.970000 0.378549
1.980000 0.385642
1.990000 0.392780
2.000000 0.399962
2.010000 0.407186
2.020000 0.414451
2.030000 0.421755
2.040000 0.429099
2.050000 0.436480
2.060000 0.443898
2.070000 0.451353
2.080000 0.458843
2.090000 0.466367
2.100000 0.473926
2.110000 0.481519
2.120000 0.489144
2.130000 0.496803
2.140000 0.504493
2.150000 0.512216
2.160000 0.519970
2.170000 0.527756
2.180000 0.535573
2.190000 0.543422
2.200000 0.551301
2.210000 0.559211
2.220000 0.567153
2.230000 0.575125
2.240000 0.583129
2.250000 0.591163
2.260000 0.599230
2.270000 0.607327
2.280000 0.615456
2.290000 0.623618
2.300000 0.631811
2.310000 0.640037
2.320000 0.648296
2.330000 0.656588
2.340000 0.664914
2.350000 0.673273
2.360000 0.681667
2.370000 0.690096
2.380000 0.698560
2.390000 0.707060
2.400000 0.715596
2.410000 0.724169
2.420000 0.732780
2.430000 0.741429
2.440000 0.750116
2.450000 0.758842
2.460000 0.767608
2.470000 0.776415
2.480000 0.785262
2.490000 0.794152
2.500000 0.803084
2.510000 0.812059
2.520000 0.821078
2.530000 0.830141
2.540000 0.839250
2.550000 0.848405
2.560000 0.857606
2.570000 0.866856
2.580000 0.876153
2.590000 0.885500
2.600000 0.894897
2.610000 0.904344
2.620000 0.913843
2.630000 0.923395
2.640000 0.933000
2.650000 0.942659
2.660000 0.952373
2.670000 0.962143
2.680000 0.971969
2.690000 0.981853
2.700000 0.991796
2.710000 1.001798
2.720000 1.011861
2.730000 1.021984
2.740000 1.032170
2.750000 1.042419
2.760000 1.052732
2.770000 1.063110
2.780000 1.073553
2.790000 1.084064
2.800000 1.094642
2.810000 1.105289
2.820000 1.116006
2.830000 1.126794
2.840000 1.137654
2.850000 1.148586
2.860000 1.159592
2.870000 1.170672
2.880000 1.181829
2.890000 1.193062
2.900000 1.204373
2.910000 1.215763
2.920000 1.227233
2.930000 1.238784
2.940000 1.250417
2.950000 1.262132
2.960000 1.273932
2.970000 1.285818
2.980000 1.297789
2.990000 1.309848


# ЦЕНТРАЛЬНАЯ РАЗНОСТЬ (2-я производная)
0.110000 1.344150
0.120000 1.381408
0.130000 1.416248
0.140000 1.448737
0.150000 1.478942
0.160000 1.506927
0.170000 1.532755
0.180000 1.556487
0.190000 1.578184
0.200000 1.597906
0.210000 1.615710
0.220000 1.631653
0.230000 1.645790
0.240000 1.658176
0.250000 1.668861
0.260000 1.677899
0.270000 1.685339
0.280000 1.691231
0.290000 1.695621
0.300000 1.698557
0.310000 1.700083
0.320000 1.700246
0.330000 1.699088
0.340000 1.696651
0.350000 1.692979
0.360000 1.688111
0.370000 1.682087
0.380000 1.674948
0.390000 1.666731
0.400000 1.657475
0.410000 1.647217
0.420000 1.635995
0.430000 1.623844
0.440000 1.610801
0.450000 1.596901
0.460000 1.582180
0.470000 1.566672
0.480000 1.550411
0.490000 1.533432
0.500000 1.515769
0.510000 1.497456
0.520000 1.478526
0.530000 1.459011
0.540000 1.438946
0.550000 1.418363
0.560000 1.397295
0.570000 1.375773
0.580000 1.353831
0.590000 1.331501
0.600000 1.308813
0.610000 1.285800
0.620000 1.262492
0.630000 1.238922
0.640000 1.215120
0.650000 1.191115
0.660000 1.166939
0.670000 1.142621
0.680000 1.118191
0.690000 1.093677
0.700000 1.069107
0.710000 1.044511
0.720000 1.019916
0.730000 0.995348
0.740000 0.970834
0.750000 0.946400
0.760000 0.922071
0.770000 0.897872
0.780000 0.873827
0.790000 0.849958
0.800000 0.826289
0.810000 0.802841
0.820000 0.779635
0.830000 0.756691
0.840000 0.734028
0.850000 0.711666
0.860000 0.689621
0.870000 0.667910
0.880000 0.646549
0.890000 0.625553
0.900000 0.604937
0.910000 0.584713
0.920000 0.564894
0.930000 0.545491
0.940000 0.526514
0.950000 0.507974
0.960000 0.489879
0.970000 0.472236
0.980000 0.455054
0.990000 0.438338
1.000000 0.422093
1.010000 0.406325
1.020000 0.391036
1.030000 0.376230
1.040000 0.361909
1.050000 0.348075
1.060000 0.334728
1.070000 0.321868
1.080000 0.309496
1.090000 0.297609
1.100000 0.286206
1.110000 0.275285
1.120000 0.264843
1.130000 0.254877
1.140000 0.245381
1.150000 0.236353
1.160000 0.227788
1.170000 0.219680
1.180000 0.212023
1.190000 0.204812
1.200000 0.198041
1.210000 0.191703
1.220000 0.185791
1.230000 0.180298
1.240000 0.175216
1.250000 0.170540
1.260000 0.166259
1.270000 0.162368
1.280000 0.158858
1.290000 0.155721
1.300000 0.152948
1.310000 0.150532
1.320000 0.148465
1.330000 0.146737
1.340000 0.145341
1.350000 0.144269
1.360000 0.143512
1.370000 0.143062
1.380000 0.142910
1.390000 0.143049
1.400000 0.143470
1.410000 0.144166
1.420000 0.145128
1.430000 0.146348
1.440000 0.147819
1.450000 0.149534
1.460000 0.151483
1.470000 0.153661
1.480000 0.156060
1.490000 0.158673
1.500000 0.161492
1.510000 0.164512
1.520000 0.167724
1.530000 0.171123
1.540000 0.174703
1.550000 0.178456
1.560000 0.182377
1.570000 0.186460
1.580000 0.190699
1.590000 0.195088
1.600000 0.199623
1.610000 0.204297
1.620000 0.209106
1.630000 0.214044
1.640000 0.219107
1.650000 0.224290
1.660000 0.229588
1.670000 0.234998
1.680000 0.240514
1.690000 0.246133
1.700000 0.251851
1.710000 0.257664
1.720000 0.263568
1.730000 0.269560
1.740000 0.275637
1.750000 0.281795
1.760000 0.288031
1.770000 0.294342
1.780000 0.300726
1.790000 0.307179
1.800000 0.313699
1.810000 0.320284
1.820000 0.326930
1.830000 0.333637
1.840000 0.340401
1.850000 0.347221
1.860000 0.354094
1.870000 0.361020
1.880000 0.367995
1.890000 0.375019
1.900000 0.382090
1.910000 0.389206
1.920000 0.396366
1.930000 0.403569
1.940000 0.410813
1.950000 0.418098
1.960000 0.425422
1.970000 0.432785
1.980000 0.440184
1.990000 0.447621
2.000000 0.455093
2.010000 0.462601
2.020000 0.470143
2.030000 0.477718
2.040000 0.485327
2.050000 0.492970
2.060000 0.500644
2.070000 0.508351
2.080000 0.516089
2.090000 0.523859
2.100000 0.531661
2.110000 0.539494
2.120000 0.547358
2.130000 0.555252
2.140000 0.563178
2.150000 0.571135
2.160000 0.579123
2.170000 0.587142
2.180000 0.595193
2.190000 0.603274
2.200000 0.611388
2.210000 0.619533
2.220000 0.627710
2.230000 0.635920
2.240000 0.644162
2.250000 0.652438
2.260000 0.660747
2.270000 0.669089
2.280000 0.677466
2.290000 0.685877
2.300000 0.694324
2.310000 0.702806
2.320000 0.711324
2.330000 0.719878
2.340000 0.728470
2.350000 0.737100
2.360000 0.745767
2.370000 0.754474
2.380000 0.763220
2.390000 0.772006
2.400000 0.780833
2.410000 0.789702
2.420000 0.798612
2.430000 0.807566
2.440000 0.816563
2.450000 0.825604
2.460000 0.834690
2.470000 0.843821
2.480000 0.853000
2.490000 0.862225
2.500000 0.871498
2.510000 0.880820
2.520000 0.890192
2.530000 0.899614
2.540000 0.909087
2.550000 0.918613
2.560000 0.928191
2.570000 0.937823
2.580000 0.947509
2.590000 0.957251
2.600000 0.967049
2.610000 0.976904
2.620000 0.986817
2.630000 0.996790
2.640000 1.006822
2.650000 1.016915
2.660000 1.027069
2.670000 1.037286
2.680000 1.047567
2.690000 1.057912
2.700000 1.068323
2.710000 1.078800
2.720000 1.089344
2.730000 1.099957
2.740000 1.110639
2.750000 1.121391
2.760000 1.132215
2.770000 1.143111
2.780000 1.154079
2.790000 1.165123
2.800000 1.176241
2.810000 1.187436
2.820000 1.198708
2.830000 1.210058
2.840000 1.221488
2.850000 1.232998
2.860000 1.244590
2.870000 1.256264
2.880000 1.268022
2.890000 1.279864
2.900000 1.291792
2.910000 1.303807
2.920000 1.315910
2.930000 1.328102
2.940000 1.340384
2.950000 1.352757
2.960000 1.365223
2.970000 1.377782
2.980000 1.390436
2.990000 1.403185


# 5-ТОЧЕЧНАЯ (2-я производная)
0.120000 18.877452
0.130000 18.787705
0.140000 18.696536
0.150000 1.489377
0.160000 1.517066
0.170000 1.542605
0.180000 1.566053
0.190000 1.587473
0.200000 1.606924
0.210000 1.624463
0.220000 1.640146
0.230000 1.654030
0.240000 1.666168
0.250000 1.676613
0.260000 1.685415
0.270000 1.692625
0.280000 1.698291
0.290000 1.702462
0.300000 1.705183
0.310000 1.706500
0.320000 1.706457
0.330000 1.705098
0.340000 1.702465
0.350000 1.698599
0.360000 1.693542
0.370000 1.687333
0.380000 1.680011
0.390000 1.671615
0.400000 1.662182
0.410000 1.651751
0.420000 1.640356
0.430000 1.628036
0.440000 1.614826
0.450000 1.600760
0.460000 1.585875
0.470000 1.570204
0.480000 1.553783
0.490000 1.536645
0.500000 1.518824
0.510000 1.500353
0.520000 1.481267
0.530000 1.461598
0.540000 1.441379
0.550000 1.420643
0.560000 1.399422
0.570000 1.377750
0.580000 1.355658
0.590000 1.333179
0.600000 1.310344
0.610000 1.287184
0.620000 1.263732
0.630000 1.240018
0.640000 1.216073
0.650000 1.191928
0.660000 1.167613
0.670000 1.143158
0.680000 1.118592
0.690000 1.093945
0.700000 1.069245
0.710000 1.044520
0.720000 1.019799
0.730000 0.995107
0.740000 0.970473
0.750000 0.945921
0.760000 0.921477
0.770000 0.897167
0.780000 0.873013
0.790000 0.849040
0.800000 0.825270
0.810000 0.801724
0.820000 0.778424
0.830000 0.755390
0.840000 0.732641
0.850000 0.710196
0.860000 0.688073
0.870000 0.666288
0.880000 0.644857
0.890000 0.623795
0.900000 0.603117
0.910000 0.582835
0.920000 0.562962
0.930000 0.543510
0.940000 0.524488
0.950000 0.505906
0.960000 0.487774
0.970000 0.470098
0.980000 0.452887
0.990000 0.436145
1.000000 0.419879
1.010000 0.404092
1.020000 0.388789
1.030000 0.373972
1.040000 0.359643
1.050000 0.345805
1.060000 0.332457
1.070000 0.319599
1.080000 0.307231
1.090000 0.295352
1.100000 0.283960
1.110000 0.273052
1.120000 0.262625
1.130000 0.252676
1.140000 0.243201
1.150000 0.234195
1.160000 0.225653
1.170000 0.217570
1.180000 0.209941
1.190000 0.202759
1.200000 0.196017
1.210000 0.189710
1.220000 0.183831
1.230000 0.178371
1.240000 0.173325
1.250000 0.168683
1.260000 0.164439
1.270000 0.160585
1.280000 0.157112
1.290000 0.154012
1.300000 0.151278
1.310000 0.148900
1.320000 0.146871
1.330000 0.145182
1.340000 0.143825
1.350000 0.142791
1.360000 0.142073
1.370000 0.141661
1.380000 0.141547
1.390000 0.141724
1.400000 0.142183
1.410000 0.142915
1.420000 0.143914
1.430000 0.145170
1.440000 0.146677
1.450000 0.148427
1.460000 0.150411
1.470000 0.152623
1.480000 0.155055
1.490000 0.157701
1.500000 0.160552
1.510000 0.163603
1.520000 0.166846
1.530000 0.170275
1.540000 0.173884
1.550000 0.177666
1.560000 0.181615
1.570000 0.185725
1.580000 0.189990
1.590000 0.194405
1.600000 0.198965
1.610000 0.203663
1.620000 0.208495
1.630000 0.213456
1.640000 0.218541
1.650000 0.223745
1.660000 0.229064
1.670000 0.234493
1.680000 0.240029
1.690000 0.245667
1.700000 0.251402
1.710000 0.257232
1.720000 0.263153
1.730000 0.269161
1.740000 0.275253
1.750000 0.281426
1.760000 0.287676
1.770000 0.294001
1.780000 0.300397
1.790000 0.306863
1.800000 0.313394
1.810000 0.319990
1.820000 0.326648
1.830000 0.333364
1.840000 0.340138
1.850000 0.346967
1.860000 0.353849
1.870000 0.360783
1.880000 0.367766
1.890000 0.374797
1.900000 0.381875
1.910000 0.388998
1.920000 0.396164
1.930000 0.403372
1.940000 0.410622
1.950000 0.417912
1.960000 0.425241
1.970000 0.432608
1.980000 0.440011
1.990000 0.447452
2.000000 0.454927
2.010000 0.462438
2.020000 0.469982
2.030000 0.477561
2.040000 0.485172
2.050000 0.492816
2.060000 0.500492
2.070000 0.508200
2.080000 0.515940
2.090000 0.523711
2.100000 0.531514
2.110000 0.539347
2.120000 0.547211
2.130000 0.555106
2.140000 0.563032
2.150000 0.570989
2.160000 0.578976
2.170000 0.586995
2.180000 0.595045
2.190000 0.603125
2.200000 0.611238
2.210000 0.619382
2.220000 0.627558
2.230000 0.635766
2.240000 0.644007
2.250000 0.652281
2.260000 0.660588
2.270000 0.668928
2.280000 0.677303
2.290000 0.685712
2.300000 0.694156
2.310000 0.702636
2.320000 0.711152
2.330000 0.719704
2.340000 0.728293
2.350000 0.736920
2.360000 0.745585
2.370000 0.754288
2.380000 0.763032
2.390000 0.771815
2.400000 0.780639
2.410000 0.789504
2.420000 0.798411
2.430000 0.807362
2.440000 0.816355
2.450000 0.825393
2.460000 0.834475
2.470000 0.843603
2.480000 0.852778
2.490000 0.862000
2.500000 0.871269
2.510000 0.880588
2.520000 0.889956
2.530000 0.899374
2.540000 0.908843
2.550000 0.918365
2.560000 0.927939
2.570000 0.937567
2.580000 0.947249
2.590000 0.956987
2.600000 0.966781
2.610000 0.976632
2.620000 0.986541
2.630000 0.996509
2.640000 1.006537
2.650000 1.016625
2.660000 1.026776
2.670000 1.036988
2.680000 1.047265
2.690000 1.057606
2.700000 1.068012
2.710000 1.078484
2.720000 1.089024
2.730000 1.099632
2.740000 1.110310
2.750000 1.121057
2.760000 1.131876
2.770000 1.142767
2.780000 1.153731
2.790000 1.164770
2.800000 1.175883
2.810000 1.187073
2.820000 1.198341
2.830000 1.209686
2.840000 1.221111
2.850000 1.232616
2.860000 1.244203
2.870000 1.255872
2.880000 1.267625
2.890000 1.279462
2.900000 1.291385
2.910000 1.303395
2.920000 1.315493
2.930000 1.327680
2.940000 1.339956
2.950000 1.352324
2.960000 1.364785
2.970000 1.377338
2.980000 1.389987
