# ИСХОДНАЯ ФУНКЦИЯ
0.100000 1.077937
0.110000 1.070852
0.120000 1.063903
0.130000 1.057092
0.140000 1.050425
0.150000 1.043903
0.160000 1.037530
0.170000 1.031309
0.180000 1.025242
0.190000 1.019332
0.200000 1.013581
0.210000 1.007990
0.220000 1.002561
0.230000 0.997297
0.240000 0.992198
0.250000 0.987265
0.260000 0.982500
0.270000 0.977904
0.280000 0.973477
0.290000 0.969220
0.300000 0.965133
0.310000 0.961216
0.320000 0.957470
0.330000 0.953895
0.340000 0.950490
0.350000 0.947256
0.360000 0.944191
0.370000 0.941296
0.380000 0.938569
0.390000 0.936011
0.400000 0.933619
0.410000 0.931394
0.420000 0.929334
0.430000 0.927438
0.440000 0.925705
0.450000 0.924133
0.460000 0.922721
0.470000 0.921468
0.480000 0.920372
0.490000 0.919431
0.500000 0.918644
0.510000 0.918009
0.520000 0.917524
0.530000 0.917186
0.540000 0.916996
0.550000 0.916949
0.560000 0.917044
0.570000 0.917279
0.580000 0.917652
0.590000 0.918161
0.600000 0.918803
0.610000 0.919575
0.620000 0.920477
0.630000 0.921505
0.640000 0.922657
0.650000 0.923931
0.660000 0.925323
0.670000 0.926833
0.680000 0.928457
0.690000 0.930192
0.700000 0.932037
0.710000 0.933989
0.720000 0.936046
0.730000 0.938204
0.740000 0.940462
0.750000 0.942817
0.760000 0.945267
0.770000 0.947809
0.780000 0.950440
0.790000 0.953159
0.800000 0.955962
0.810000 0.958849
0.820000 0.961815
0.830000 0.964859
0.840000 0.967979
0.850000 0.971172
0.860000 0.974436
0.870000 0.977769
0.880000 0.981168
0.890000 0.984632
0.900000 0.988158
0.910000 0.991745
0.920000 0.995390
0.930000 0.999091
0.940000 1.002847
0.950000 1.006655
0.960000 1.010513
0.970000 1.014421
0.980000 1.018375
0.990000 1.022375
1.000000 1.026418
1.010000 1.030503
1.020000 1.034629
1.030000 1.038793
1.040000 1.042995
1.050000 1.047233
1.060000 1.051506
1.070000 1.055812
1.080000 1.060149
1.090000 1.064518
1.100000 1.068916
1.110000 1.073342
1.120000 1.077796
1.130000 1.082276
1.140000 1.086781
1.150000 1.091311
1.160000 1.095864
1.170000 1.100439
1.180000 1.105036
1.190000 1.109655
1.200000 1.114293
1.210000 1.118951
1.220000 1.123629
1.230000 1.128324
1.240000 1.133037
1.250000 1.137768
1.260000 1.142516
1.270000 1.147280
1.280000 1.152060
1.290000 1.156856
1.300000 1.161667
1.310000 1.166493
1.320000 1.171334
1.330000 1.176190
1.340000 1.181061
1.350000 1.185946
1.360000 1.190845
1.370000 1.195758
1.380000 1.200686
1.390000 1.205627
1.400000 1.210583
1.410000 1.215553
1.420000 1.220537
1.430000 1.225536
1.440000 1.230549
1.450000 1.235577
1.460000 1.240620
1.470000 1.245678
1.480000 1.250751
1.490000 1.255840
1.500000 1.260944
1.510000 1.266064
1.520000 1.271201
1.530000 1.276355
1.540000 1.281525
1.550000 1.286713
1.560000 1.291919
1.570000 1.297142
1.580000 1.302385
1.590000 1.307646
1.600000 1.312927
1.610000 1.318228
1.620000 1.323549
1.630000 1.328891
1.640000 1.334254
1.650000 1.339639
1.660000 1.345047
1.670000 1.350477
1.680000 1.355931
1.690000 1.361409
1.700000 1.366911
1.710000 1.372439
1.720000 1.377992
1.730000 1.383572
1.740000 1.389178
1.750000 1.394813
1.760000 1.400475
1.770000 1.406166
1.780000 1.411886
1.790000 1.417637
1.800000 1.423418
1.810000 1.429230
1.820000 1.435075
1.830000 1.440952
1.840000 1.446862
1.850000 1.452807
1.860000 1.458786
1.870000 1.464800
1.880000 1.470851
1.890000 1.476938
1.900000 1.483063
1.910000 1.489226
1.920000 1.495428
1.930000 1.501670
1.940000 1.507952
1.950000 1.514275
1.960000 1.520640
1.970000 1.527047
1.980000 1.533498
1.990000 1.539992
2.000000 1.546532
2.010000 1.553116
2.020000 1.559748
2.030000 1.566426
2.040000 1.573151
2.050000 1.579926
2.060000 1.586749
2.070000 1.593623
2.080000 1.600548
2.090000 1.607524
2.100000 1.614552
2.110000 1.621634
2.120000 1.628769
2.130000 1.635960
2.140000 1.643205
2.150000 1.650507
2.160000 1.657867
2.170000 1.665284
2.180000 1.672759
2.190000 1.680295
2.200000 1.687890
2.210000 1.695547
2.220000 1.703266
2.230000 1.711047
2.240000 1.718892
2.250000 1.726801
2.260000 1.734776
2.270000 1.742817
2.280000 1.750924
2.290000 1.759100
2.300000 1.767344
2.310000 1.775657
2.320000 1.784040
2.330000 1.792495
2.340000 1.801022
2.350000 1.809621
2.360000 1.818294
2.370000 1.827042
2.380000 1.835865
2.390000 1.844765
2.400000 1.853741
2.410000 1.862796
2.420000 1.871930
2.430000 1.881143
2.440000 1.890437
2.450000 1.899813
2.460000 1.909272
2.470000 1.918814
2.480000 1.928440
2.490000 1.938151
2.500000 1.947949
2.510000 1.957834
2.520000 1.967807
2.530000 1.977869
2.540000 1.988020
2.550000 1.998263
2.560000 2.008598
2.570000 2.019025
2.580000 2.029546
2.590000 2.040162
2.600000 2.050873
2.610000 2.061682
2.620000 2.072587
2.630000 2.083592
2.640000 2.094696
2.650000 2.105901
2.660000 2.117207
2.670000 2.128617
2.680000 2.140129
2.690000 2.151747
2.700000 2.163470
2.710000 2.175300
2.720000 2.187238
2.730000 2.199285
2.740000 2.211442
2.750000 2.223710
2.760000 2.236090
2.770000 2.248583
2.780000 2.261191
2.790000 2.273914
2.800000 2.286753
2.810000 2.299710
2.820000 2.312785
2.830000 2.325981
2.840000 2.339297
2.850000 2.352736
2.860000 2.366298
2.870000 2.379984
2.880000 2.393796
2.890000 2.407734
2.900000 2.421801
2.910000 2.435996
2.920000 2.450322
2.930000 2.464780
2.940000 2.479370
2.950000 2.494095
2.960000 2.508954
2.970000 2.523950
2.980000 2.539084
2.990000 2.554357
3.000000 2.569770


# АНАЛИТИЧЕСКАЯ ПЕРВАЯ ПРОИЗВОДНАЯ
0.100000 -0.715162
0.110000 -0.701799
0.120000 -0.688054
0.130000 -0.673952
0.140000 -0.659517
0.150000 -0.644771
0.160000 -0.629738
0.170000 -0.614438
0.180000 -0.598894
0.190000 -0.583125
0.200000 -0.567152
0.210000 -0.550994
0.220000 -0.534670
0.230000 -0.518198
0.240000 -0.501596
0.250000 -0.484881
0.260000 -0.468070
0.270000 -0.451179
0.280000 -0.434223
0.290000 -0.417219
0.300000 -0.400180
0.310000 -0.383120
0.320000 -0.366055
0.330000 -0.348996
0.340000 -0.331958
0.350000 -0.314952
0.360000 -0.297990
0.370000 -0.281085
0.380000 -0.264248
0.390000 -0.247489
0.400000 -0.230819
0.410000 -0.214249
0.420000 -0.197788
0.430000 -0.181445
0.440000 -0.165230
0.450000 -0.149152
0.460000 -0.133218
0.470000 -0.117437
0.480000 -0.101817
0.490000 -0.086364
0.500000 -0.071086
0.510000 -0.055990
0.520000 -0.041082
0.530000 -0.026367
0.540000 -0.011852
0.550000 0.002459
0.560000 0.016560
0.570000 0.030446
0.580000 0.044113
0.590000 0.057557
0.600000 0.070775
0.610000 0.083763
0.620000 0.096518
0.630000 0.109037
0.640000 0.121317
0.650000 0.133357
0.660000 0.145155
0.670000 0.156709
0.680000 0.168017
0.690000 0.179080
0.700000 0.189896
0.710000 0.200464
0.720000 0.210786
0.730000 0.220860
0.740000 0.230688
0.750000 0.240269
0.760000 0.249606
0.770000 0.258699
0.780000 0.267549
0.790000 0.276159
0.800000 0.284530
0.810000 0.292665
0.820000 0.300565
0.830000 0.308234
0.840000 0.315673
0.850000 0.322887
0.860000 0.329878
0.870000 0.336649
0.880000 0.343204
0.890000 0.349547
0.900000 0.355680
0.910000 0.361610
0.920000 0.367338
0.930000 0.372870
0.940000 0.378209
0.950000 0.383360
0.960000 0.388328
0.970000 0.393117
0.980000 0.397731
0.990000 0.402175
1.000000 0.406455
1.010000 0.410574
1.020000 0.414538
1.030000 0.418351
1.040000 0.422018
1.050000 0.425545
1.060000 0.428936
1.070000 0.432195
1.080000 0.435329
1.090000 0.438341
1.100000 0.441237
1.110000 0.444021
1.120000 0.446699
1.130000 0.449275
1.140000 0.451754
1.150000 0.454140
1.160000 0.456439
1.170000 0.458655
1.180000 0.460792
1.190000 0.462855
1.200000 0.464848
1.210000 0.466776
1.220000 0.468644
1.230000 0.470454
1.240000 0.472212
1.250000 0.473922
1.260000 0.475587
1.270000 0.477212
1.280000 0.478800
1.290000 0.480355
1.300000 0.481882
1.310000 0.483382
1.320000 0.484861
1.330000 0.486321
1.340000 0.487765
1.350000 0.489198
1.360000 0.490622
1.370000 0.492041
1.380000 0.493457
1.390000 0.494873
1.400000 0.496292
1.410000 0.497717
1.420000 0.499151
1.430000 0.500597
1.440000 0.502056
1.450000 0.503531
1.460000 0.505025
1.470000 0.506540
1.480000 0.508078
1.490000 0.509642
1.500000 0.511233
1.510000 0.512854
1.520000 0.514506
1.530000 0.516191
1.540000 0.517912
1.550000 0.519670
1.560000 0.521466
1.570000 0.523303
1.580000 0.525181
1.590000 0.527103
1.600000 0.529070
1.610000 0.531083
1.620000 0.533144
1.630000 0.535253
1.640000 0.537413
1.650000 0.539625
1.660000 0.541889
1.670000 0.544207
1.680000 0.546579
1.690000 0.549008
1.700000 0.551493
1.710000 0.554036
1.720000 0.556638
1.730000 0.559299
1.740000 0.562022
1.750000 0.564805
1.760000 0.567650
1.770000 0.570559
1.780000 0.573531
1.790000 0.576567
1.800000 0.579668
1.810000 0.582835
1.820000 0.586068
1.830000 0.589368
1.840000 0.592736
1.850000 0.596171
1.860000 0.599676
1.870000 0.603249
1.880000 0.606891
1.890000 0.610604
1.900000 0.614388
1.910000 0.618242
1.920000 0.622168
1.930000 0.626165
1.940000 0.630235
1.950000 0.634378
1.960000 0.638594
1.970000 0.642883
1.980000 0.647246
1.990000 0.651683
2.000000 0.656195
2.010000 0.660782
2.020000 0.665444
2.030000 0.670182
2.040000 0.674996
2.050000 0.679886
2.060000 0.684852
2.070000 0.689896
2.080000 0.695016
2.090000 0.700214
2.100000 0.705491
2.110000 0.710845
2.120000 0.716278
2.130000 0.721789
2.140000 0.727380
2.150000 0.733050
2.160000 0.738800
2.170000 0.744630
2.180000 0.750540
2.190000 0.756531
2.200000 0.762602
2.210000 0.768756
2.220000 0.774990
2.230000 0.781307
2.240000 0.787706
2.250000 0.794187
2.260000 0.800751
2.270000 0.807399
2.280000 0.814130
2.290000 0.820945
2.300000 0.827844
2.310000 0.834828
2.320000 0.841897
2.330000 0.849052
2.340000 0.856292
2.350000 0.863618
2.360000 0.871030
2.370000 0.878529
2.380000 0.886116
2.390000 0.893790
2.400000 0.901552
2.410000 0.909403
2.420000 0.917343
2.430000 0.925372
2.440000 0.933490
2.450000 0.941699
2.460000 0.949998
2.470000 0.958388
2.480000 0.966870
2.490000 0.975444
2.500000 0.984110
2.510000 0.992870
2.520000 1.001722
2.530000 1.010669
2.540000 1.019710
2.550000 1.028846
2.560000 1.038078
2.570000 1.047405
2.580000 1.056829
2.590000 1.066350
2.600000 1.075969
2.610000 1.085686
2.620000 1.095502
2.630000 1.105417
2.640000 1.115432
2.650000 1.125548
2.660000 1.135765
2.670000 1.146084
2.680000 1.156505
2.690000 1.167029
2.700000 1.177657
2.710000 1.188390
2.720000 1.199227
2.730000 1.210170
2.740000 1.221220
2.750000 1.232377
2.760000 1.243641
2.770000 1.255015
2.780000 1.266497
2.790000 1.278089
2.800000 1.289793
2.810000 1.301607
2.820000 1.313534
2.830000 1.325574
2.840000 1.337728
2.850000 1.349997
2.860000 1.362381
2.870000 1.374881
2.880000 1.387499
2.890000 1.400234
2.900000 1.413088
2.910000 1.426062
2.920000 1.439156
2.930000 1.452372
2.940000 1.465710
2.950000 1.479172
2.960000 1.492757
2.970000 1.506468
2.980000 1.520304
2.990000 1.534268
3.000000 1.548359


# ЧИСЛЕННАЯ ПЕРВАЯ ПРОИЗВОДНАЯ (h=0.150)
0.110000 3.275002
0.120000 3.259681
0.130000 3.244924
0.140000 3.230733
0.150000 -0.633708
0.160000 -0.619498
0.170000 -0.604999
0.180000 -0.590232
0.190000 -0.575218
0.200000 -0.559978
0.210000 -0.544532
0.220000 -0.528898
0.230000 -0.513097
0.240000 -0.497145
0.250000 -0.481061
0.260000 -0.464861
0.270000 -0.448563
0.280000 -0.432182
0.290000 -0.415734
0.300000 -0.399234
0.310000 -0.382698
0.320000 -0.366138
0.330000 -0.349569
0.340000 -0.333004
0.350000 -0.316456
0.360000 -0.299937
0.370000 -0.283459
0.380000 -0.267035
0.390000 -0.250674
0.400000 -0.234389
0.410000 -0.218188
0.420000 -0.202083
0.430000 -0.186083
0.440000 -0.170197
0.450000 -0.154434
0.460000 -0.138803
0.470000 -0.123311
0.480000 -0.107967
0.490000 -0.092778
0.500000 -0.077751
0.510000 -0.062893
0.520000 -0.048210
0.530000 -0.033709
0.540000 -0.019395
0.550000 -0.005273
0.560000 0.008651
0.570000 0.022373
0.580000 0.035888
0.590000 0.049192
0.600000 0.062282
0.610000 0.075153
0.620000 0.087802
0.630000 0.100227
0.640000 0.112426
0.650000 0.124395
0.660000 0.136133
0.670000 0.147638
0.680000 0.158909
0.690000 0.169944
0.700000 0.180744
0.710000 0.191306
0.720000 0.201632
0.730000 0.211720
0.740000 0.221571
0.750000 0.231186
0.760000 0.240565
0.770000 0.249709
0.780000 0.258620
0.790000 0.267299
0.800000 0.275747
0.810000 0.283966
0.820000 0.291959
0.830000 0.299728
0.840000 0.307274
0.850000 0.314602
0.860000 0.321712
0.870000 0.328610
0.880000 0.335297
0.890000 0.341777
0.900000 0.348053
0.910000 0.354130
0.920000 0.360010
0.930000 0.365698
0.940000 0.371197
0.950000 0.376511
0.960000 0.381645
0.970000 0.386603
0.980000 0.391389
0.990000 0.396007
1.000000 0.400462
1.010000 0.404759
1.020000 0.408901
1.030000 0.412894
1.040000 0.416742
1.050000 0.420450
1.060000 0.424021
1.070000 0.427462
1.080000 0.430777
1.090000 0.433970
1.100000 0.437045
1.110000 0.440009
1.120000 0.442864
1.130000 0.445616
1.140000 0.448270
1.150000 0.450830
1.160000 0.453300
1.170000 0.455685
1.180000 0.457990
1.190000 0.460218
1.200000 0.462374
1.210000 0.464463
1.220000 0.466488
1.230000 0.468454
1.240000 0.470365
1.250000 0.472224
1.260000 0.474036
1.270000 0.475805
1.280000 0.477534
1.290000 0.479228
1.300000 0.480889
1.310000 0.482522
1.320000 0.484129
1.330000 0.485715
1.340000 0.487283
1.350000 0.488835
1.360000 0.490376
1.370000 0.491908
1.380000 0.493435
1.390000 0.494958
1.400000 0.496482
1.410000 0.498009
1.420000 0.499542
1.430000 0.501083
1.440000 0.502635
1.450000 0.504200
1.460000 0.505781
1.470000 0.507381
1.480000 0.509001
1.490000 0.510644
1.500000 0.512312
1.510000 0.514006
1.520000 0.515730
1.530000 0.517485
1.540000 0.519272
1.550000 0.521094
1.560000 0.522953
1.570000 0.524849
1.580000 0.526786
1.590000 0.528763
1.600000 0.530784
1.610000 0.532849
1.620000 0.534960
1.630000 0.537117
1.640000 0.539323
1.650000 0.541579
1.660000 0.543886
1.670000 0.546245
1.680000 0.548657
1.690000 0.551124
1.700000 0.553646
1.710000 0.556224
1.720000 0.558860
1.730000 0.561554
1.740000 0.564308
1.750000 0.567121
1.760000 0.569996
1.770000 0.572932
1.780000 0.575931
1.790000 0.578993
1.800000 0.582120
1.810000 0.585310
1.820000 0.588567
1.830000 0.591889
1.840000 0.595278
1.850000 0.598734
1.860000 0.602258
1.870000 0.605851
1.880000 0.609512
1.890000 0.613243
1.900000 0.617044
1.910000 0.620916
1.920000 0.624858
1.930000 0.628871
1.940000 0.632957
1.950000 0.637115
1.960000 0.641345
1.970000 0.645649
1.980000 0.650026
1.990000 0.654477
2.000000 0.659002
2.010000 0.663602
2.020000 0.668277
2.030000 0.673028
2.040000 0.677854
2.050000 0.682756
2.060000 0.687735
2.070000 0.692791
2.080000 0.697924
2.090000 0.703134
2.100000 0.708422
2.110000 0.713788
2.120000 0.719232
2.130000 0.724756
2.140000 0.730358
2.150000 0.736040
2.160000 0.741801
2.170000 0.747643
2.180000 0.753565
2.190000 0.759568
2.200000 0.765652
2.210000 0.771817
2.220000 0.778063
2.230000 0.784392
2.240000 0.790804
2.250000 0.797298
2.260000 0.803875
2.270000 0.810535
2.280000 0.817279
2.290000 0.824107
2.300000 0.831020
2.310000 0.838017
2.320000 0.845100
2.330000 0.852268
2.340000 0.859522
2.350000 0.866862
2.360000 0.874289
2.370000 0.881803
2.380000 0.889405
2.390000 0.897094
2.400000 0.904872
2.410000 0.912738
2.420000 0.920694
2.430000 0.928739
2.440000 0.936874
2.450000 0.945099
2.460000 0.953416
2.470000 0.961823
2.480000 0.970323
2.490000 0.978915
2.500000 0.987599
2.510000 0.996377
2.520000 1.005248
2.530000 1.014214
2.540000 1.023274
2.550000 1.032430
2.560000 1.041681
2.570000 1.051029
2.580000 1.060474
2.590000 1.070016
2.600000 1.079656
2.610000 1.089395
2.620000 1.099233
2.630000 1.109170
2.640000 1.119208
2.650000 1.129347
2.660000 1.139587
2.670000 1.149929
2.680000 1.160375
2.690000 1.170923
2.700000 1.181576
2.710000 1.192333
2.720000 1.203196
2.730000 1.214165
2.740000 1.225241
2.750000 1.236425
2.760000 1.247716
2.770000 1.259117
2.780000 1.270627
2.790000 1.282247
2.800000 1.293979
2.810000 1.305822
2.820000 1.317779
2.830000 1.329848
2.840000 1.342032
2.850000 1.354331
2.860000 1.366746
2.870000 1.379277
2.880000 1.391926
2.890000 1.404694
2.900000 1.417580
2.910000 1.430587
2.920000 1.443714
2.930000 1.456964
2.940000 1.470336
2.950000 1.483832
2.960000 1.497452
2.970000 1.511198
2.980000 1.525070
2.990000 1.539070


# АНАЛИТИЧЕСКАЯ ВТОРАЯ ПРОИЗВОДНАЯ
0.100000 1.316366
0.110000 1.355784
0.120000 1.392722
0.130000 1.427249
0.140000 1.459430
0.150000 1.489333
0.160000 1.517021
0.170000 1.542559
0.180000 1.566007
0.190000 1.587427
0.200000 1.606877
0.210000 1.624416
0.220000 1.640100
0.230000 1.653985
0.240000 1.666124
0.250000 1.676569
0.260000 1.685373
0.270000 1.692584
0.280000 1.698252
0.290000 1.702424
0.300000 1.705147
0.310000 1.706465
0.320000 1.706424
0.330000 1.705067
0.340000 1.702436
0.350000 1.698572
0.360000 1.693516
0.370000 1.687309
0.380000 1.679989
0.390000 1.671594
0.400000 1.662163
0.410000 1.651733
0.420000 1.640340
0.430000 1.628022
0.440000 1.614812
0.450000 1.600748
0.460000 1.585864
0.470000 1.570194
0.480000 1.553773
0.490000 1.536636
0.500000 1.518815
0.510000 1.500345
0.520000 1.481259
0.530000 1.461590
0.540000 1.441372
0.550000 1.420636
0.560000 1.399415
0.570000 1.377743
0.580000 1.355651
0.590000 1.333171
0.600000 1.310335
0.610000 1.287175
0.620000 1.263722
0.630000 1.240007
0.640000 1.216061
0.650000 1.191915
0.660000 1.167599
0.670000 1.143143
0.680000 1.118577
0.690000 1.093928
0.700000 1.069227
0.710000 1.044501
0.720000 1.019779
0.730000 0.995086
0.740000 0.970451
0.750000 0.945898
0.760000 0.921453
0.770000 0.897142
0.780000 0.872988
0.790000 0.849013
0.800000 0.825242
0.810000 0.801696
0.820000 0.778395
0.830000 0.755360
0.840000 0.732611
0.850000 0.710166
0.860000 0.688042
0.870000 0.666257
0.880000 0.644826
0.890000 0.623764
0.900000 0.603085
0.910000 0.582804
0.920000 0.562931
0.930000 0.543479
0.940000 0.524457
0.950000 0.505876
0.960000 0.487744
0.970000 0.470069
0.980000 0.452858
0.990000 0.436117
1.000000 0.419851
1.010000 0.404065
1.020000 0.388762
1.030000 0.373946
1.040000 0.359619
1.050000 0.345781
1.060000 0.332434
1.070000 0.319577
1.080000 0.307210
1.090000 0.295332
1.100000 0.283941
1.110000 0.273034
1.120000 0.262608
1.130000 0.252660
1.140000 0.243185
1.150000 0.234180
1.160000 0.225640
1.170000 0.217558
1.180000 0.209929
1.190000 0.202748
1.200000 0.196008
1.210000 0.189702
1.220000 0.183823
1.230000 0.178364
1.240000 0.173319
1.250000 0.168678
1.260000 0.164435
1.270000 0.160581
1.280000 0.157109
1.290000 0.154010
1.300000 0.151276
1.310000 0.148899
1.320000 0.146870
1.330000 0.145182
1.340000 0.143826
1.350000 0.142792
1.360000 0.142074
1.370000 0.141663
1.380000 0.141549
1.390000 0.141726
1.400000 0.142185
1.410000 0.142918
1.420000 0.143917
1.430000 0.145174
1.440000 0.146681
1.450000 0.148431
1.460000 0.150416
1.470000 0.152628
1.480000 0.155060
1.490000 0.157706
1.500000 0.160557
1.510000 0.163608
1.520000 0.166852
1.530000 0.170281
1.540000 0.173889
1.550000 0.177671
1.560000 0.181620
1.570000 0.185730
1.580000 0.189996
1.590000 0.194411
1.600000 0.198970
1.610000 0.203668
1.620000 0.208501
1.630000 0.213461
1.640000 0.218546
1.650000 0.223750
1.660000 0.229069
1.670000 0.234499
1.680000 0.240034
1.690000 0.245672
1.700000 0.251407
1.710000 0.257237
1.720000 0.263158
1.730000 0.269166
1.740000 0.275258
1.750000 0.281430
1.760000 0.287680
1.770000 0.294005
1.780000 0.300401
1.790000 0.306867
1.800000 0.313398
1.810000 0.319994
1.820000 0.326651
1.830000 0.333368
1.840000 0.340142
1.850000 0.346971
1.860000 0.353853
1.870000 0.360786
1.880000 0.367769
1.890000 0.374800
1.900000 0.381878
1.910000 0.389001
1.920000 0.396167
1.930000 0.403375
1.940000 0.410625
1.950000 0.417915
1.960000 0.425243
1.970000 0.432610
1.980000 0.440014
1.990000 0.447454
2.000000 0.454929
2.010000 0.462440
2.020000 0.469984
2.030000 0.477563
2.040000 0.485174
2.050000 0.492818
2.060000 0.500494
2.070000 0.508202
2.080000 0.515942
2.090000 0.523713
2.100000 0.531515
2.110000 0.539348
2.120000 0.547213
2.130000 0.555108
2.140000 0.563033
2.150000 0.570990
2.160000 0.578978
2.170000 0.586996
2.180000 0.595046
2.190000 0.603127
2.200000 0.611239
2.210000 0.619383
2.220000 0.627559
2.230000 0.635767
2.240000 0.644008
2.250000 0.652282
2.260000 0.660589
2.270000 0.668929
2.280000 0.677304
2.290000 0.685713
2.300000 0.694157
2.310000 0.702637
2.320000 0.711152
2.330000 0.719704
2.340000 0.728294
2.350000 0.736920
2.360000 0.745585
2.370000 0.754289
2.380000 0.763032
2.390000 0.771815
2.400000 0.780639
2.410000 0.789505
2.420000 0.798412
2.430000 0.807362
2.440000 0.816355
2.450000 0.825393
2.460000 0.834476
2.470000 0.843604
2.480000 0.852778
2.490000 0.862000
2.500000 0.871270
2.510000 0.880588
2.520000 0.889956
2.530000 0.899374
2.540000 0.908844
2.550000 0.918365
2.560000 0.927939
2.570000 0.937567
2.580000 0.947249
2.590000 0.956987
2.600000 0.966781
2.610000 0.976632
2.620000 0.986541
2.630000 0.996509
2.640000 1.006537
2.650000 1.016626
2.660000 1.026776
2.670000 1.036989
2.680000 1.047265
2.690000 1.057606
2.700000 1.068012
2.710000 1.078485
2.720000 1.089024
2.730000 1.099632
2.740000 1.110310
2.750000 1.121057
2.760000 1.131876
2.770000 1.142767
2.780000 1.153732
2.790000 1.164770
2.800000 1.175884
2.810000 1.187074
2.820000 1.198341
2.830000 1.209686
2.840000 1.221111
2.850000 1.232616
2.860000 1.244203
2.870000 1.255872
2.880000 1.267625
2.890000 1.279462
2.900000 1.291385
2.910000 1.303395
2.920000 1.315493
2.930000 1.327680
2.940000 1.339957
2.950000 1.352325
2.960000 1.364785
2.970000 1.377339
2.980000 1.389987
2.990000 1.402731
3.000000 1.415572


# ЧИСЛЕННАЯ ВТОРАЯ ПРОИЗВОДНАЯ (h=0.150)
0.120000 -51.106727
0.130000 -50.698123
0.140000 -50.294657
0.150000 1.447639
0.160000 1.476510
0.170000 1.503205
0.180000 1.527788
0.190000 1.550317
0.200000 1.570853
0.210000 1.589453
0.220000 1.606174
0.230000 1.621071
0.240000 1.634198
0.250000 1.645608
0.260000 1.655353
0.270000 1.663484
0.280000 1.670049
0.290000 1.675098
0.300000 1.678678
0.310000 1.680834
0.320000 1.681613
0.330000 1.681057
0.340000 1.679211
0.350000 1.676117
0.360000 1.671816
0.370000 1.666349
0.380000 1.659757
0.390000 1.652079
0.400000 1.643353
0.410000 1.633618
0.420000 1.622910
0.430000 1.611268
0.440000 1.598727
0.450000 1.585324
0.460000 1.571094
0.470000 1.556073
0.480000 1.540295
0.490000 1.523794
0.500000 1.506606
0.510000 1.488764
0.520000 1.470302
0.530000 1.451252
0.540000 1.431649
0.550000 1.411524
0.560000 1.390912
0.570000 1.369843
0.580000 1.348350
0.590000 1.326466
0.600000 1.304221
0.610000 1.281647
0.620000 1.258775
0.630000 1.235636
0.640000 1.212260
0.650000 1.188678
0.660000 1.164918
0.670000 1.141012
0.680000 1.116987
0.690000 1.092872
0.700000 1.068695
0.710000 1.044485
0.720000 1.020267
0.730000 0.996070
0.740000 0.971918
0.750000 0.947837
0.760000 0.923852
0.770000 0.899987
0.780000 0.876267
0.790000 0.852713
0.800000 0.829347
0.810000 0.806192
0.820000 0.783268
0.830000 0.760595
0.840000 0.738191
0.850000 0.716075
0.860000 0.694265
0.870000 0.672776
0.880000 0.651626
0.890000 0.630828
0.900000 0.610398
0.910000 0.590347
0.920000 0.570688
0.930000 0.551433
0.940000 0.532593
0.950000 0.514176
0.960000 0.496193
0.970000 0.478650
0.980000 0.461556
0.990000 0.444916
1.000000 0.428737
1.010000 0.413022
1.020000 0.397777
1.030000 0.383004
1.040000 0.368706
1.050000 0.354884
1.060000 0.341541
1.070000 0.328676
1.080000 0.316288
1.090000 0.304379
1.100000 0.292945
1.110000 0.281985
1.120000 0.271497
1.130000 0.261478
1.140000 0.251923
1.150000 0.242830
1.160000 0.234193
1.170000 0.226009
1.180000 0.218271
1.190000 0.210974
1.200000 0.204112
1.210000 0.197680
1.220000 0.191670
1.230000 0.186076
1.240000 0.180891
1.250000 0.176108
1.260000 0.171720
1.270000 0.167718
1.280000 0.164096
1.290000 0.160846
1.300000 0.157959
1.310000 0.155429
1.320000 0.153246
1.330000 0.151402
1.340000 0.149891
1.350000 0.148703
1.360000 0.147830
1.370000 0.147265
1.380000 0.146999
1.390000 0.147024
1.400000 0.147333
1.410000 0.147918
1.420000 0.148770
1.430000 0.149881
1.440000 0.151245
1.450000 0.152854
1.460000 0.154700
1.470000 0.156776
1.480000 0.159075
1.490000 0.161590
1.500000 0.164313
1.510000 0.167238
1.520000 0.170358
1.530000 0.173667
1.540000 0.177159
1.550000 0.180826
1.560000 0.184663
1.570000 0.188665
1.580000 0.192825
1.590000 0.197137
1.600000 0.201597
1.610000 0.206199
1.620000 0.210937
1.630000 0.215807
1.640000 0.220804
1.650000 0.225923
1.660000 0.231160
1.670000 0.236510
1.680000 0.241968
1.690000 0.247532
1.700000 0.253196
1.710000 0.258958
1.720000 0.264813
1.730000 0.270757
1.740000 0.276788
1.750000 0.282902
1.760000 0.289096
1.770000 0.295367
1.780000 0.301712
1.790000 0.308128
1.800000 0.314613
1.810000 0.321164
1.820000 0.327779
1.830000 0.334455
1.840000 0.341190
1.850000 0.347982
1.860000 0.354830
1.870000 0.361730
1.880000 0.368682
1.890000 0.375684
1.900000 0.382734
1.910000 0.389830
1.920000 0.396972
1.930000 0.404158
1.940000 0.411386
1.950000 0.418656
1.960000 0.425966
1.970000 0.433316
1.980000 0.440703
1.990000 0.448129
2.000000 0.455591
2.010000 0.463089
2.020000 0.470623
2.030000 0.478191
2.040000 0.485794
2.050000 0.493430
2.060000 0.501099
2.070000 0.508802
2.080000 0.516537
2.090000 0.524304
2.100000 0.532103
2.110000 0.539934
2.120000 0.547797
2.130000 0.555691
2.140000 0.563617
2.150000 0.571574
2.160000 0.579563
2.170000 0.587584
2.180000 0.595637
2.190000 0.603721
2.200000 0.611837
2.210000 0.619986
2.220000 0.628167
2.230000 0.636381
2.240000 0.644628
2.250000 0.652909
2.260000 0.661223
2.270000 0.669571
2.280000 0.677954
2.290000 0.686372
2.300000 0.694825
2.310000 0.703314
2.320000 0.711839
2.330000 0.720402
2.340000 0.729001
2.350000 0.737639
2.360000 0.746315
2.370000 0.755030
2.380000 0.763785
2.390000 0.772581
2.400000 0.781417
2.410000 0.790295
2.420000 0.799215
2.430000 0.808178
2.440000 0.817185
2.450000 0.826237
2.460000 0.835333
2.470000 0.844475
2.480000 0.853664
2.490000 0.862900
2.500000 0.872185
2.510000 0.881518
2.520000 0.890901
2.530000 0.900335
2.540000 0.909819
2.550000 0.919356
2.560000 0.928946
2.570000 0.938590
2.580000 0.948289
2.590000 0.958043
2.600000 0.967853
2.610000 0.977721
2.620000 0.987647
2.630000 0.997632
2.640000 1.007677
2.650000 1.017783
2.660000 1.027950
2.670000 1.038181
2.680000 1.048474
2.690000 1.058833
2.700000 1.069257
2.710000 1.079748
2.720000 1.090306
2.730000 1.100932
2.740000 1.111628
2.750000 1.122394
2.760000 1.133231
2.770000 1.144141
2.780000 1.155124
2.790000 1.166181
2.800000 1.177314
2.810000 1.188523
2.820000 1.199810
2.830000 1.211175
2.840000 1.222619
2.850000 1.234144
2.860000 1.245751
2.870000 1.257440
2.880000 1.269213
2.890000 1.281070
2.900000 1.293014
2.910000 1.305044
2.920000 1.317162
2.930000 1.329370
2.940000 1.341667
2.950000 1.354056
2.960000 1.366538
2.970000 1.379113
2.980000 1.391782


# ОШИБКИ ПЕРВОЙ ПРОИЗВОДНОЙ
0.120000 3.947735
0.130000 3.918876
0.140000 3.890250
0.150000 0.011063
0.160000 0.010239
0.170000 0.009439
0.180000 0.008662
0.190000 0.007907
0.200000 0.007173
0.210000 0.006462
0.220000 0.005771
0.230000 0.005101
0.240000 0.004451
0.250000 0.003820
0.260000 0.003209
0.270000 0.002616
0.280000 0.002041
0.290000 0.001485
0.300000 0.000945
0.310000 0.000423
0.320000 0.000083
0.330000 0.000572
0.340000 0.001046
0.350000 0.001504
0.360000 0.001946
0.370000 0.002374
0.380000 0.002787
0.390000 0.003185
0.400000 0.003569
0.410000 0.003939
0.420000 0.004295
0.430000 0.004638
0.440000 0.004967
0.450000 0.005282
0.460000 0.005585
0.470000 0.005874
0.480000 0.006151
0.490000 0.006414
0.500000 0.006665
0.510000 0.006903
0.520000 0.007129
0.530000 0.007342
0.540000 0.007543
0.550000 0.007732
0.560000 0.007908
0.570000 0.008072
0.580000 0.008225
0.590000 0.008365
0.600000 0.008494
0.610000 0.008610
0.620000 0.008716
0.630000 0.008809
0.640000 0.008891
0.650000 0.008962
0.660000 0.009022
0.670000 0.009071
0.680000 0.009108
0.690000 0.009135
0.700000 0.009152
0.710000 0.009158
0.720000 0.009154
0.730000 0.009140
0.740000 0.009117
0.750000 0.009083
0.760000 0.009041
0.770000 0.008990
0.780000 0.008929
0.790000 0.008860
0.800000 0.008783
0.810000 0.008699
0.820000 0.008606
0.830000 0.008506
0.840000 0.008399
0.850000 0.008285
0.860000 0.008165
0.870000 0.008039
0.880000 0.007907
0.890000 0.007770
0.900000 0.007627
0.910000 0.007480
0.920000 0.007328
0.930000 0.007172
0.940000 0.007012
0.950000 0.006849
0.960000 0.006683
0.970000 0.006514
0.980000 0.006342
0.990000 0.006168
1.000000 0.005992
1.010000 0.005815
1.020000 0.005636
1.030000 0.005457
1.040000 0.005276
1.050000 0.005095
1.060000 0.004914
1.070000 0.004733
1.080000 0.004552
1.090000 0.004371
1.100000 0.004192
1.110000 0.004013
1.120000 0.003835
1.130000 0.003659
1.140000 0.003484
1.150000 0.003311
1.160000 0.003139
1.170000 0.002969
1.180000 0.002802
1.190000 0.002637
1.200000 0.002474
1.210000 0.002313
1.220000 0.002155
1.230000 0.002000
1.240000 0.001848
1.250000 0.001698
1.260000 0.001551
1.270000 0.001407
1.280000 0.001266
1.290000 0.001128
1.300000 0.000992
1.310000 0.000860
1.320000 0.000731
1.330000 0.000605
1.340000 0.000483
1.350000 0.000363
1.360000 0.000246
1.370000 0.000132
1.380000 0.000022
1.390000 0.000086
1.400000 0.000190
1.410000 0.000292
1.420000 0.000391
1.430000 0.000486
1.440000 0.000579
1.450000 0.000669
1.460000 0.000756
1.470000 0.000841
1.480000 0.000923
1.490000 0.001002
1.500000 0.001079
1.510000 0.001153
1.520000 0.001224
1.530000 0.001293
1.540000 0.001360
1.550000 0.001424
1.560000 0.001487
1.570000 0.001547
1.580000 0.001605
1.590000 0.001660
1.600000 0.001714
1.610000 0.001766
1.620000 0.001816
1.630000 0.001864
1.640000 0.001910
1.650000 0.001955
1.660000 0.001997
1.670000 0.002039
1.680000 0.002078
1.690000 0.002116
1.700000 0.002153
1.710000 0.002188
1.720000 0.002222
1.730000 0.002255
1.740000 0.002286
1.750000 0.002317
1.760000 0.002346
1.770000 0.002374
1.780000 0.002400
1.790000 0.002426
1.800000 0.002451
1.810000 0.002475
1.820000 0.002498
1.830000 0.002521
1.840000 0.002542
1.850000 0.002563
1.860000 0.002583
1.870000 0.002602
1.880000 0.002621
1.890000 0.002639
1.900000 0.002657
1.910000 0.002674
1.920000 0.002690
1.930000 0.002706
1.940000 0.002722
1.950000 0.002737
1.960000 0.002751
1.970000 0.002766
1.980000 0.002780
1.990000 0.002794
2.000000 0.002807
2.010000 0.002820
2.020000 0.002833
2.030000 0.002846
2.040000 0.002859
2.050000 0.002871
2.060000 0.002883
2.070000 0.002895
2.080000 0.002907
2.090000 0.002919
2.100000 0.002931
2.110000 0.002943
2.120000 0.002955
2.130000 0.002966
2.140000 0.002978
2.150000 0.002990
2.160000 0.003002
2.170000 0.003013
2.180000 0.003025
2.190000 0.003037
2.200000 0.003049
2.210000 0.003061
2.220000 0.003073
2.230000 0.003086
2.240000 0.003098
2.250000 0.003110
2.260000 0.003123
2.270000 0.003136
2.280000 0.003149
2.290000 0.003162
2.300000 0.003175
2.310000 0.003189
2.320000 0.003202
2.330000 0.003216
2.340000 0.003230
2.350000 0.003245
2.360000 0.003259
2.370000 0.003274
2.380000 0.003289
2.390000 0.003304
2.400000 0.003320
2.410000 0.003335
2.420000 0.003351
2.430000 0.003367
2.440000 0.003384
2.450000 0.003401
2.460000 0.003418
2.470000 0.003435
2.480000 0.003453
2.490000 0.003470
2.500000 0.003489
2.510000 0.003507
2.520000 0.003526
2.530000 0.003545
2.540000 0.003564
2.550000 0.003584
2.560000 0.003604
2.570000 0.003624
2.580000 0.003645
2.590000 0.003666
2.600000 0.003687
2.610000 0.003709
2.620000 0.003731
2.630000 0.003753
2.640000 0.003776
2.650000 0.003799
2.660000 0.003822
2.670000 0.003846
2.680000 0.003870
2.690000 0.003894
2.700000 0.003919
2.710000 0.003944
2.720000 0.003969
2.730000 0.003995
2.740000 0.004021
2.750000 0.004048
2.760000 0.004075
2.770000 0.004102
2.780000 0.004130
2.790000 0.004158
2.800000 0.004186
2.810000 0.004215
2.820000 0.004244
2.830000 0.004274
2.840000 0.004304
2.850000 0.004334
2.860000 0.004365
2.870000 0.004396
2.880000 0.004428
2.890000 0.004460
2.900000 0.004492
2.910000 0.004525
2.920000 0.004558
2.930000 0.004592
2.940000 0.004626
2.950000 0.004660
2.960000 0.004695
2.970000 0.004730
2.980000 0.004766


# ОШИБКИ ВТОРОЙ ПРОИЗВОДНОЙ
0.120000 52.499449
0.130000 52.125372
0.140000 51.754087
0.150000 0.041694
0.160000 0.040512
0.170000 0.039353
0.180000 0.038219
0.190000 0.037109
0.200000 0.036024
0.210000 0.034963
0.220000 0.033926
0.230000 0.032914
0.240000 0.031926
0.250000 0.030962
0.260000 0.030020
0.270000 0.029100
0.280000 0.028202
0.290000 0.027325
0.300000 0.026469
0.310000 0.025631
0.320000 0.024812
0.330000 0.024010
0.340000 0.023225
0.350000 0.022455
0.360000 0.021700
0.370000 0.020959
0.380000 0.020231
0.390000 0.019515
0.400000 0.018810
0.410000 0.018115
0.420000 0.017430
0.430000 0.016754
0.440000 0.016085
0.450000 0.015424
0.460000 0.014770
0.470000 0.014121
0.480000 0.013479
0.490000 0.012842
0.500000 0.012209
0.510000 0.011581
0.520000 0.010958
0.530000 0.010338
0.540000 0.009723
0.550000 0.009111
0.560000 0.008504
0.570000 0.007900
0.580000 0.007300
0.590000 0.006705
0.600000 0.006114
0.610000 0.005528
0.620000 0.004947
0.630000 0.004371
0.640000 0.003801
0.650000 0.003238
0.660000 0.002681
0.670000 0.002132
0.680000 0.001590
0.690000 0.001056
0.700000 0.000532
0.710000 0.000017
0.720000 0.000489
0.730000 0.000983
0.740000 0.001467
0.750000 0.001939
0.760000 0.002398
0.770000 0.002845
0.780000 0.003279
0.790000 0.003699
0.800000 0.004105
0.810000 0.004497
0.820000 0.004873
0.830000 0.005234
0.840000 0.005580
0.850000 0.005909
0.860000 0.006223
0.870000 0.006520
0.880000 0.006801
0.890000 0.007065
0.900000 0.007312
0.910000 0.007543
0.920000 0.007757
0.930000 0.007955
0.940000 0.008136
0.950000 0.008300
0.960000 0.008449
0.970000 0.008581
0.980000 0.008698
0.990000 0.008800
1.000000 0.008886
1.010000 0.008957
1.020000 0.009014
1.030000 0.009058
1.040000 0.009087
1.050000 0.009103
1.060000 0.009107
1.070000 0.009098
1.080000 0.009078
1.090000 0.009047
1.100000 0.009004
1.110000 0.008952
1.120000 0.008889
1.130000 0.008818
1.140000 0.008738
1.150000 0.008650
1.160000 0.008554
1.170000 0.008451
1.180000 0.008341
1.190000 0.008226
1.200000 0.008104
1.210000 0.007978
1.220000 0.007847
1.230000 0.007712
1.240000 0.007573
1.250000 0.007430
1.260000 0.007285
1.270000 0.007138
1.280000 0.006988
1.290000 0.006836
1.300000 0.006683
1.310000 0.006530
1.320000 0.006375
1.330000 0.006220
1.340000 0.006065
1.350000 0.005910
1.360000 0.005756
1.370000 0.005602
1.380000 0.005450
1.390000 0.005298
1.400000 0.005148
1.410000 0.004999
1.420000 0.004852
1.430000 0.004707
1.440000 0.004564
1.450000 0.004423
1.460000 0.004285
1.470000 0.004149
1.480000 0.004015
1.490000 0.003884
1.500000 0.003755
1.510000 0.003630
1.520000 0.003507
1.530000 0.003386
1.540000 0.003269
1.550000 0.003155
1.560000 0.003043
1.570000 0.002935
1.580000 0.002829
1.590000 0.002727
1.600000 0.002627
1.610000 0.002530
1.620000 0.002437
1.630000 0.002346
1.640000 0.002258
1.650000 0.002173
1.660000 0.002090
1.670000 0.002011
1.680000 0.001934
1.690000 0.001860
1.700000 0.001789
1.710000 0.001721
1.720000 0.001655
1.730000 0.001591
1.740000 0.001530
1.750000 0.001472
1.760000 0.001416
1.770000 0.001362
1.780000 0.001311
1.790000 0.001262
1.800000 0.001215
1.810000 0.001170
1.820000 0.001127
1.830000 0.001087
1.840000 0.001048
1.850000 0.001012
1.860000 0.000977
1.870000 0.000944
1.880000 0.000913
1.890000 0.000884
1.900000 0.000856
1.910000 0.000830
1.920000 0.000805
1.930000 0.000783
1.940000 0.000761
1.950000 0.000741
1.960000 0.000723
1.970000 0.000705
1.980000 0.000690
1.990000 0.000675
2.000000 0.000662
2.010000 0.000650
2.020000 0.000639
2.030000 0.000629
2.040000 0.000620
2.050000 0.000612
2.060000 0.000605
2.070000 0.000600
2.080000 0.000595
2.090000 0.000591
2.100000 0.000588
2.110000 0.000585
2.120000 0.000584
2.130000 0.000583
2.140000 0.000583
2.150000 0.000584
2.160000 0.000586
2.170000 0.000588
2.180000 0.000591
2.190000 0.000594
2.200000 0.000598
2.210000 0.000603
2.220000 0.000608
2.230000 0.000614
2.240000 0.000620
2.250000 0.000627
2.260000 0.000634
2.270000 0.000642
2.280000 0.000650
2.290000 0.000659
2.300000 0.000668
2.310000 0.000677
2.320000 0.000687
2.330000 0.000697
2.340000 0.000708
2.350000 0.000719
2.360000 0.000730
2.370000 0.000741
2.380000 0.000753
2.390000 0.000765
2.400000 0.000778
2.410000 0.000790
2.420000 0.000803
2.430000 0.000816
2.440000 0.000830
2.450000 0.000843
2.460000 0.000857
2.470000 0.000871
2.480000 0.000886
2.490000 0.000900
2.500000 0.000915
2.510000 0.000930
2.520000 0.000945
2.530000 0.000960
2.540000 0.000976
2.550000 0.000992
2.560000 0.001007
2.570000 0.001023
2.580000 0.001040
2.590000 0.001056
2.600000 0.001072
2.610000 0.001089
2.620000 0.001106
2.630000 0.001123
2.640000 0.001140
2.650000 0.001157
2.660000 0.001174
2.670000 0.001192
2.680000 0.001209
2.690000 0.001227
2.700000 0.001245
2.710000 0.001263
2.720000 0.001281
2.730000 0.001299
2.740000 0.001318
2.750000 0.001336
2.760000 0.001355
2.770000 0.001374
2.780000 0.001392
2.790000 0.001411
2.800000 0.001431
2.810000 0.001450
2.820000 0.001469
2.830000 0.001489
2.840000 0.001508
2.850000 0.001528
2.860000 0.001548
2.870000 0.001568
2.880000 0.001588
2.890000 0.001608
2.900000 0.001628
2.910000 0.001649
2.920000 0.001669
2.930000 0.001690
2.940000 0.001711
2.950000 0.001732
2.960000 0.001753
2.970000 0.001774
2.980000 0.001795
