0.250000 -0.484881 -0.421384 -0.546548 -0.483966 -0.485127 -0.488615 -0.484353
0.302000 -0.396769 -0.332883 -0.460306 -0.396595 -0.395778 -0.398741 -0.396322
0.354000 -0.308161 -0.245195 -0.372033 -0.308614 -0.306136 -0.308631 -0.307788
0.406000 -0.220865 -0.159913 -0.283771 -0.221842 -0.217991 -0.220062 -0.220558
0.458000 -0.136393 -0.078357 -0.197246 -0.137802 -0.132847 -0.134524 -0.136150
0.510000 -0.055990 -0.001588 -0.113897 -0.057742 -0.051939 -0.053243 -0.055808
0.562000 0.019354 0.069582 -0.034895 0.017343 0.023746 0.022802 0.019477
0.614000 0.088893 0.134574 0.038836 0.086705 0.093469 0.092873 0.088960
0.666000 0.152117 0.193044 0.106617 0.149830 0.156729 0.156463 0.152130
0.718000 0.208741 0.244862 0.168000 0.206431 0.213256 0.213298 0.208706
0.770000 0.258699 0.290103 0.222763 0.256433 0.262998 0.263315 0.258621
0.822000 0.302117 0.329019 0.270892 0.299955 0.306103 0.306656 0.302004
0.874000 0.339297 0.362013 0.312563 0.337288 0.342895 0.343638 0.339157
0.926000 0.370680 0.389608 0.348118 0.368863 0.373840 0.374723 0.370522
0.978000 0.396822 0.412415 0.378031 0.395223 0.399514 0.400487 0.396653
1.030000 0.418351 0.431094 0.402877 0.416985 0.420568 0.421584 0.418179
1.082000 0.435941 0.446328 0.423297 0.434813 0.437692 0.438710 0.435773
1.134000 0.450278 0.458798 0.439971 0.449384 0.451586 0.452572 0.450118
1.186000 0.462038 0.469154 0.453581 0.461368 0.462935 0.463864 0.461890
1.238000 0.471865 0.478009 0.464794 0.471401 0.472388 0.473243 0.471730
1.290000 0.480355 0.485920 0.474240 0.480080 0.480548 0.481316 0.480236
1.342000 0.488053 0.493386 0.482504 0.487945 0.487956 0.488635 0.487948
1.394000 0.495440 0.500848 0.490109 0.495478 0.495094 0.495683 0.495350
1.446000 0.502939 0.508684 0.497522 0.503103 0.502382 0.502886 0.502863
1.498000 0.510913 0.517218 0.505150 0.511184 0.510179 0.510605 0.510849
1.550000 0.519670 0.526723 0.513339 0.520031 0.518789 0.519145 0.519617
1.602000 0.529469 0.537425 0.522384 0.529904 0.528468 0.528762 0.529425
1.654000 0.540524 0.549510 0.532531 0.541020 0.539424 0.539666 0.540488
1.706000 0.553012 0.563133 0.543983 0.553558 0.551832 0.552029 0.552983
1.758000 0.567076 0.578418 0.556909 0.567664 0.565831 0.565992 0.567053
1.810000 0.582835 0.595467 0.571445 0.583456 0.581535 0.581667 0.582816
1.862000 0.600385 0.614363 0.587702 0.601033 0.599039 0.599149 0.600368
1.914000 0.619804 0.635177 0.605772 0.620475 0.618419 0.618512 0.619790
1.966000 0.641158 0.657968 0.625730 0.641849 0.639740 0.639820 0.641146
2.018000 0.664506 0.682788 0.647640 0.665214 0.663055 0.663127 0.664494
2.070000 0.689896 0.709683 0.671556 0.690620 0.688414 0.688482 0.689885
2.122000 0.717374 0.738698 0.697528 0.718113 0.715862 0.715928 0.717363
2.174000 0.746984 0.769877 0.725600 0.747738 0.745442 0.745508 0.746973
2.226000 0.778770 0.803264 0.755817 0.779540 0.777195 0.777264 0.778759
2.278000 0.812777 0.838905 0.788221 0.813563 0.811167 0.811240 0.812765
2.330000 0.849052 0.876851 0.822860 0.849855 0.847403 0.847482 0.849038
2.382000 0.887644 0.917153 0.859780 0.888466 0.885954 0.886039 0.887629
2.434000 0.928608 0.959870 0.899033 0.929451 0.926874 0.926966 0.928592
2.486000 0.972004 1.005064 0.940674 0.972869 0.970220 0.970321 0.971986
2.538000 1.017894 1.052803 0.984764 1.018784 1.016058 1.016168 1.017875
2.590000 1.066350 1.103163 1.031369 1.067266 1.064456 1.064575 1.066329
2.642000 1.117447 1.156223 1.080560 1.118392 1.115491 1.115620 1.117425
2.694000 1.171268 1.212071 1.132416 1.172243 1.169245 1.169384 1.171244
2.746000 1.227901 1.270800 1.187019 1.228910 1.225806 1.225956 1.227875
2.798000 1.287443 1.332513 1.244462 1.288487 1.285271 1.285432 1.287415
2.850000 1.349997 1.397317 1.304842 1.351080 1.347742 1.347914 1.349967
