0.250000 0.063497 0.061667 0.000915 0.000246 0.003734 0.000528
0.302000 0.063886 0.063537 0.000174 0.000991 0.001972 0.000446
0.354000 0.062966 0.063872 0.000453 0.002025 0.000470 0.000373
0.406000 0.060951 0.062906 0.000977 0.002874 0.000802 0.000306
0.458000 0.058036 0.060853 0.001409 0.003546 0.001869 0.000243
0.510000 0.054402 0.057907 0.001752 0.004051 0.002747 0.000182
0.562000 0.050227 0.054249 0.002011 0.004392 0.003448 0.000123
0.614000 0.045681 0.050057 0.002188 0.004576 0.003979 0.000067
0.666000 0.040927 0.045500 0.002286 0.004613 0.004347 0.000013
0.718000 0.036121 0.040741 0.002310 0.004515 0.004556 0.000035
0.770000 0.031404 0.035936 0.002266 0.004299 0.004616 0.000078
0.822000 0.026901 0.031226 0.002162 0.003986 0.004539 0.000113
0.874000 0.022716 0.026733 0.002009 0.003598 0.004341 0.000140
0.926000 0.018928 0.022562 0.001817 0.003160 0.004042 0.000158
0.978000 0.015593 0.018791 0.001599 0.002692 0.003665 0.000168
1.030000 0.012743 0.015474 0.001366 0.002217 0.003233 0.000171
1.082000 0.010388 0.012643 0.001128 0.001751 0.002769 0.000168
1.134000 0.008520 0.010307 0.000894 0.001308 0.002294 0.000160
1.186000 0.007116 0.008457 0.000671 0.000896 0.001826 0.000148
1.238000 0.006144 0.007071 0.000464 0.000524 0.001378 0.000135
1.290000 0.005564 0.006115 0.000275 0.000192 0.000961 0.000120
1.342000 0.005333 0.005549 0.000108 0.000097 0.000582 0.000104
1.394000 0.005408 0.005331 0.000038 0.000346 0.000244 0.000090
1.446000 0.005745 0.005416 0.000164 0.000557 0.000053 0.000076
1.498000 0.006305 0.005763 0.000271 0.000734 0.000308 0.000064
1.550000 0.007053 0.006331 0.000361 0.000880 0.000525 0.000053
1.602000 0.007956 0.007085 0.000435 0.001001 0.000707 0.000044
1.654000 0.008986 0.007993 0.000496 0.001100 0.000858 0.000036
1.706000 0.010121 0.009028 0.000546 0.001180 0.000983 0.000029
1.758000 0.011341 0.010167 0.000587 0.001246 0.001085 0.000024
1.810000 0.012631 0.011390 0.000621 0.001300 0.001168 0.000020
1.862000 0.013978 0.012682 0.000648 0.001345 0.001236 0.000016
1.914000 0.015374 0.014031 0.000671 0.001384 0.001292 0.000014
1.966000 0.016810 0.015428 0.000691 0.001419 0.001338 0.000012
2.018000 0.018282 0.016866 0.000708 0.001451 0.001378 0.000011
2.070000 0.019787 0.018339 0.000724 0.001481 0.001413 0.000011
2.122000 0.021324 0.019846 0.000739 0.001511 0.001445 0.000011
2.174000 0.022893 0.021384 0.000754 0.001542 0.001476 0.000011
2.226000 0.024494 0.022954 0.000770 0.001575 0.001506 0.000012
2.278000 0.026128 0.024556 0.000786 0.001610 0.001537 0.000013
2.330000 0.027799 0.026192 0.000804 0.001648 0.001570 0.000014
2.382000 0.029509 0.027864 0.000822 0.001689 0.001604 0.000015
2.434000 0.031261 0.029576 0.000843 0.001734 0.001642 0.000016
2.486000 0.033060 0.031330 0.000865 0.001783 0.001682 0.000018
2.538000 0.034909 0.033130 0.000889 0.001836 0.001727 0.000019
2.590000 0.036813 0.034981 0.000916 0.001894 0.001775 0.000021
2.642000 0.038776 0.036887 0.000944 0.001956 0.001827 0.000022
2.694000 0.040803 0.038852 0.000975 0.002023 0.001884 0.000024
2.746000 0.042899 0.040882 0.001009 0.002095 0.001945 0.000026
2.798000 0.045070 0.042981 0.001044 0.002172 0.002012 0.000028
2.850000 0.047320 0.045155 0.001083 0.002255 0.002083 0.000030
