0.100000 1.316366 1.544879 0.000000 0.000000 0.000000
0.110000 1.355784 1.567586 0.000000 1.344150 0.000000
0.120000 1.392722 1.588289 -208.778012 1.381408 18.877452
0.130000 1.427249 1.607044 -207.232033 1.416248 18.787705
0.140000 1.459430 1.623911 -205.700014 1.448737 18.696536
0.150000 1.489333 1.638944 1.193728 1.478942 1.489377
0.160000 1.517021 1.652199 1.239986 1.506927 1.517066
0.170000 1.542559 1.663728 1.283584 1.532755 1.542605
0.180000 1.566007 1.673583 1.324594 1.556487 1.566053
0.190000 1.587427 1.681816 1.363085 1.578184 1.587473
0.200000 1.606877 1.688476 1.399126 1.597906 1.606924
0.210000 1.624416 1.693610 1.432782 1.615710 1.624463
0.220000 1.640100 1.697268 1.464121 1.631653 1.640146
0.230000 1.653985 1.699493 1.493208 1.645790 1.654030
0.240000 1.666124 1.700332 1.520107 1.658176 1.666168
0.250000 1.676569 1.699829 1.544879 1.668861 1.676613
0.260000 1.685373 1.698027 1.567586 1.677899 1.685415
0.270000 1.692584 1.694967 1.588289 1.685339 1.692625
0.280000 1.698252 1.690692 1.607044 1.691231 1.698291
0.290000 1.702424 1.685241 1.623911 1.695621 1.702462
0.300000 1.705147 1.678654 1.638944 1.698557 1.705183
0.310000 1.706465 1.670971 1.652199 1.700083 1.706500
0.320000 1.706424 1.662230 1.663728 1.700246 1.706457
0.330000 1.705067 1.652469 1.673583 1.699088 1.705098
0.340000 1.702436 1.641724 1.681816 1.696651 1.702465
0.350000 1.698572 1.630033 1.688476 1.692979 1.698599
0.360000 1.693516 1.617432 1.693610 1.688111 1.693542
0.370000 1.687309 1.603956 1.697268 1.682087 1.687333
0.380000 1.679989 1.589641 1.699493 1.674948 1.680011
0.390000 1.671594 1.574522 1.700332 1.666731 1.671615
0.400000 1.662163 1.558633 1.699829 1.657475 1.662182
0.410000 1.651733 1.542009 1.698027 1.647217 1.651751
0.420000 1.640340 1.524684 1.694967 1.635995 1.640356
0.430000 1.628022 1.506692 1.690692 1.623844 1.628036
0.440000 1.614812 1.488066 1.685241 1.610801 1.614826
0.450000 1.600748 1.468839 1.678654 1.596901 1.600760
0.460000 1.585864 1.449046 1.670971 1.582180 1.585875
0.470000 1.570194 1.428717 1.662230 1.566672 1.570204
0.480000 1.553773 1.407888 1.652469 1.550411 1.553783
0.490000 1.536636 1.386589 1.641724 1.533432 1.536645
0.500000 1.518815 1.364853 1.630033 1.515769 1.518824
0.510000 1.500345 1.342713 1.617432 1.497456 1.500353
0.520000 1.481259 1.320199 1.603956 1.478526 1.481267
0.530000 1.461590 1.297345 1.589641 1.459011 1.461598
0.540000 1.441372 1.274181 1.574522 1.438946 1.441379
0.550000 1.420636 1.250738 1.558633 1.418363 1.420643
0.560000 1.399415 1.227048 1.542009 1.397295 1.399422
0.570000 1.377743 1.203141 1.524684 1.375773 1.377750
0.580000 1.355651 1.179047 1.506692 1.353831 1.355658
0.590000 1.333171 1.154796 1.488066 1.331501 1.333179
0.600000 1.310335 1.130418 1.468839 1.308813 1.310344
0.610000 1.287175 1.105942 1.449046 1.285800 1.287184
0.620000 1.263722 1.081397 1.428717 1.262492 1.263732
0.630000 1.240007 1.056811 1.407888 1.238922 1.240018
0.640000 1.216061 1.032212 1.386589 1.215120 1.216073
0.650000 1.191915 1.007627 1.364853 1.191115 1.191928
0.660000 1.167599 0.983082 1.342713 1.166939 1.167613
0.670000 1.143143 0.958605 1.320199 1.142621 1.143158
0.680000 1.118577 0.934221 1.297345 1.118191 1.118592
0.690000 1.093928 0.909954 1.274181 1.093677 1.093945
0.700000 1.069227 0.885829 1.250738 1.069107 1.069245
0.710000 1.044501 0.861869 1.227048 1.044511 1.044520
0.720000 1.019779 0.838097 1.203141 1.019916 1.019799
0.730000 0.995086 0.814536 1.179047 0.995348 0.995107
0.740000 0.970451 0.791206 1.154796 0.970834 0.970473
0.750000 0.945898 0.768129 1.130418 0.946400 0.945921
0.760000 0.921453 0.745323 1.105942 0.922071 0.921477
0.770000 0.897142 0.722809 1.081397 0.897872 0.897167
0.780000 0.872988 0.700603 1.056811 0.873827 0.873013
0.790000 0.849013 0.678723 1.032212 0.849958 0.849040
0.800000 0.825242 0.657185 1.007627 0.826289 0.825270
0.810000 0.801696 0.636005 0.983082 0.802841 0.801724
0.820000 0.778395 0.615197 0.958605 0.779635 0.778424
0.830000 0.755360 0.594775 0.934221 0.756691 0.755390
0.840000 0.732611 0.574752 0.909954 0.734028 0.732641
0.850000 0.710166 0.555139 0.885829 0.711666 0.710196
0.860000 0.688042 0.535948 0.861869 0.689621 0.688073
0.870000 0.666257 0.517189 0.838097 0.667910 0.666288
0.880000 0.644826 0.498870 0.814536 0.646549 0.644857
0.890000 0.623764 0.481000 0.791206 0.625553 0.623795
0.900000 0.603085 0.463587 0.768129 0.604937 0.603117
0.910000 0.582804 0.446637 0.745323 0.584713 0.582835
0.920000 0.562931 0.430156 0.722809 0.564894 0.562962
0.930000 0.543479 0.414149 0.700603 0.545491 0.543510
0.940000 0.524457 0.398620 0.678723 0.526514 0.524488
0.950000 0.505876 0.383572 0.657185 0.507974 0.505906
0.960000 0.487744 0.369009 0.636005 0.489879 0.487774
0.970000 0.470069 0.354931 0.615197 0.472236 0.470098
0.980000 0.452858 0.341340 0.594775 0.455054 0.452887
0.990000 0.436117 0.328237 0.574752 0.438338 0.436145
1.000000 0.419851 0.315621 0.555139 0.422093 0.419879
1.010000 0.404065 0.303492 0.535948 0.406325 0.404092
1.020000 0.388762 0.291847 0.517189 0.391036 0.388789
1.030000 0.373946 0.280686 0.498870 0.376230 0.373972
1.040000 0.359619 0.270005 0.481000 0.361909 0.359643
1.050000 0.345781 0.259801 0.463587 0.348075 0.345805
1.060000 0.332434 0.250070 0.446637 0.334728 0.332457
1.070000 0.319577 0.240809 0.430156 0.321868 0.319599
1.080000 0.307210 0.232013 0.414149 0.309496 0.307231
1.090000 0.295332 0.223677 0.398620 0.297609 0.295352
1.100000 0.283941 0.215795 0.383572 0.286206 0.283960
1.110000 0.273034 0.208362 0.369009 0.275285 0.273052
1.120000 0.262608 0.201372 0.354931 0.264843 0.262625
1.130000 0.252660 0.194818 0.341340 0.254877 0.252676
1.140000 0.243185 0.188694 0.328237 0.245381 0.243201
1.150000 0.234180 0.182992 0.315621 0.236353 0.234195
1.160000 0.225640 0.177706 0.303492 0.227788 0.225653
1.170000 0.217558 0.172828 0.291847 0.219680 0.217570
1.180000 0.209929 0.168350 0.280686 0.212023 0.209941
1.190000 0.202748 0.164266 0.270005 0.204812 0.202759
1.200000 0.196008 0.160566 0.259801 0.198041 0.196017
1.210000 0.189702 0.157243 0.250070 0.191703 0.189710
1.220000 0.183823 0.154289 0.240809 0.185791 0.183831
1.230000 0.178364 0.151696 0.232013 0.180298 0.178371
1.240000 0.173319 0.149455 0.223677 0.175216 0.173325
1.250000 0.168678 0.147559 0.215795 0.170540 0.168683
1.260000 0.164435 0.145998 0.208362 0.166259 0.164439
1.270000 0.160581 0.144765 0.201372 0.162368 0.160585
1.280000 0.157109 0.143852 0.194818 0.158858 0.157112
1.290000 0.154010 0.143249 0.188694 0.155721 0.154012
1.300000 0.151276 0.142949 0.182992 0.152948 0.151278
1.310000 0.148899 0.142944 0.177706 0.150532 0.148900
1.320000 0.146870 0.143225 0.172828 0.148465 0.146871
1.330000 0.145182 0.143784 0.168350 0.146737 0.145182
1.340000 0.143826 0.144614 0.164266 0.145341 0.143825
1.350000 0.142792 0.145706 0.160566 0.144269 0.142791
1.360000 0.142074 0.147053 0.157243 0.143512 0.142073
1.370000 0.141663 0.148646 0.154289 0.143062 0.141661
1.380000 0.141549 0.150479 0.151696 0.142910 0.141547
1.390000 0.141726 0.152544 0.149455 0.143049 0.141724
1.400000 0.142185 0.154834 0.147559 0.143470 0.142183
1.410000 0.142918 0.157340 0.145998 0.144166 0.142915
1.420000 0.143917 0.160057 0.144765 0.145128 0.143914
1.430000 0.145174 0.162978 0.143852 0.146348 0.145170
1.440000 0.146681 0.166094 0.143249 0.147819 0.146677
1.450000 0.148431 0.169401 0.142949 0.149534 0.148427
1.460000 0.150416 0.172891 0.142944 0.151483 0.150411
1.470000 0.152628 0.176558 0.143225 0.153661 0.152623
1.480000 0.155060 0.180396 0.143784 0.156060 0.155055
1.490000 0.157706 0.184398 0.144614 0.158673 0.157701
1.500000 0.160557 0.188560 0.145706 0.161492 0.160552
1.510000 0.163608 0.192875 0.147053 0.164512 0.163603
1.520000 0.166852 0.197338 0.148646 0.167724 0.166846
1.530000 0.170281 0.201943 0.150479 0.171123 0.170275
1.540000 0.173889 0.206685 0.152544 0.174703 0.173884
1.550000 0.177671 0.211559 0.154834 0.178456 0.177666
1.560000 0.181620 0.216560 0.157340 0.182377 0.181615
1.570000 0.185730 0.221683 0.160057 0.186460 0.185725
1.580000 0.189996 0.226925 0.162978 0.190699 0.189990
1.590000 0.194411 0.232279 0.166094 0.195088 0.194405
1.600000 0.198970 0.237743 0.169401 0.199623 0.198965
1.610000 0.203668 0.243311 0.172891 0.204297 0.203663
1.620000 0.208501 0.248980 0.176558 0.209106 0.208495
1.630000 0.213461 0.254746 0.180396 0.214044 0.213456
1.640000 0.218546 0.260605 0.184398 0.219107 0.218541
1.650000 0.223750 0.266553 0.188560 0.224290 0.223745
1.660000 0.229069 0.272588 0.192875 0.229588 0.229064
1.670000 0.234499 0.278706 0.197338 0.234998 0.234493
1.680000 0.240034 0.284903 0.201943 0.240514 0.240029
1.690000 0.245672 0.291177 0.206685 0.246133 0.245667
1.700000 0.251407 0.297525 0.211559 0.251851 0.251402
1.710000 0.257237 0.303944 0.216560 0.257664 0.257232
1.720000 0.263158 0.310431 0.221683 0.263568 0.263153
1.730000 0.269166 0.316983 0.226925 0.269560 0.269161
1.740000 0.275258 0.323599 0.232279 0.275637 0.275253
1.750000 0.281430 0.330276 0.237743 0.281795 0.281426
1.760000 0.287680 0.337012 0.243311 0.288031 0.287676
1.770000 0.294005 0.343804 0.248980 0.294342 0.294001
1.780000 0.300401 0.350651 0.254746 0.300726 0.300397
1.790000 0.306867 0.357551 0.260605 0.307179 0.306863
1.800000 0.313398 0.364501 0.266553 0.313699 0.313394
1.810000 0.319994 0.371501 0.272588 0.320284 0.319990
1.820000 0.326651 0.378549 0.278706 0.326930 0.326648
1.830000 0.333368 0.385642 0.284903 0.333637 0.333364
1.840000 0.340142 0.392780 0.291177 0.340401 0.340138
1.850000 0.346971 0.399962 0.297525 0.347221 0.346967
1.860000 0.353853 0.407186 0.303944 0.354094 0.353849
1.870000 0.360786 0.414451 0.310431 0.361020 0.360783
1.880000 0.367769 0.421755 0.316983 0.367995 0.367766
1.890000 0.374800 0.429099 0.323599 0.375019 0.374797
1.900000 0.381878 0.436480 0.330276 0.382090 0.381875
1.910000 0.389001 0.443898 0.337012 0.389206 0.388998
1.920000 0.396167 0.451353 0.343804 0.396366 0.396164
1.930000 0.403375 0.458843 0.350651 0.403569 0.403372
1.940000 0.410625 0.466367 0.357551 0.410813 0.410622
1.950000 0.417915 0.473926 0.364501 0.418098 0.417912
1.960000 0.425243 0.481519 0.371501 0.425422 0.425241
1.970000 0.432610 0.489144 0.378549 0.432785 0.432608
1.980000 0.440014 0.496803 0.385642 0.440184 0.440011
1.990000 0.447454 0.504493 0.392780 0.447621 0.447452
2.000000 0.454929 0.512216 0.399962 0.455093 0.454927
2.010000 0.462440 0.519970 0.407186 0.462601 0.462438
2.020000 0.469984 0.527756 0.414451 0.470143 0.469982
2.030000 0.477563 0.535573 0.421755 0.477718 0.477561
2.040000 0.485174 0.543422 0.429099 0.485327 0.485172
2.050000 0.492818 0.551301 0.436480 0.492970 0.492816
2.060000 0.500494 0.559211 0.443898 0.500644 0.500492
2.070000 0.508202 0.567153 0.451353 0.508351 0.508200
2.080000 0.515942 0.575125 0.458843 0.516089 0.515940
2.090000 0.523713 0.583129 0.466367 0.523859 0.523711
2.100000 0.531515 0.591163 0.473926 0.531661 0.531514
2.110000 0.539348 0.599230 0.481519 0.539494 0.539347
2.120000 0.547213 0.607327 0.489144 0.547358 0.547211
2.130000 0.555108 0.615456 0.496803 0.555252 0.555106
2.140000 0.563033 0.623618 0.504493 0.563178 0.563032
2.150000 0.570990 0.631811 0.512216 0.571135 0.570989
2.160000 0.578978 0.640037 0.519970 0.579123 0.578976
2.170000 0.586996 0.648296 0.527756 0.587142 0.586995
2.180000 0.595046 0.656588 0.535573 0.595193 0.595045
2.190000 0.603127 0.664914 0.543422 0.603274 0.603125
2.200000 0.611239 0.673273 0.551301 0.611388 0.611238
2.210000 0.619383 0.681667 0.559211 0.619533 0.619382
2.220000 0.627559 0.690096 0.567153 0.627710 0.627558
2.230000 0.635767 0.698560 0.575125 0.635920 0.635766
2.240000 0.644008 0.707060 0.583129 0.644162 0.644007
2.250000 0.652282 0.715596 0.591163 0.652438 0.652281
2.260000 0.660589 0.724169 0.599230 0.660747 0.660588
2.270000 0.668929 0.732780 0.607327 0.669089 0.668928
2.280000 0.677304 0.741429 0.615456 0.677466 0.677303
2.290000 0.685713 0.750116 0.623618 0.685877 0.685712
2.300000 0.694157 0.758842 0.631811 0.694324 0.694156
2.310000 0.702637 0.767608 0.640037 0.702806 0.702636
2.320000 0.711152 0.776415 0.648296 0.711324 0.711152
2.330000 0.719704 0.785262 0.656588 0.719878 0.719704
2.340000 0.728294 0.794152 0.664914 0.728470 0.728293
2.350000 0.736920 0.803084 0.673273 0.737100 0.736920
2.360000 0.745585 0.812059 0.681667 0.745767 0.745585
2.370000 0.754289 0.821078 0.690096 0.754474 0.754288
2.380000 0.763032 0.830141 0.698560 0.763220 0.763032
2.390000 0.771815 0.839250 0.707060 0.772006 0.771815
2.400000 0.780639 0.848405 0.715596 0.780833 0.780639
2.410000 0.789505 0.857606 0.724169 0.789702 0.789504
2.420000 0.798412 0.866856 0.732780 0.798612 0.798411
2.430000 0.807362 0.876153 0.741429 0.807566 0.807362
2.440000 0.816355 0.885500 0.750116 0.816563 0.816355
2.450000 0.825393 0.894897 0.758842 0.825604 0.825393
2.460000 0.834476 0.904344 0.767608 0.834690 0.834475
2.470000 0.843604 0.913843 0.776415 0.843821 0.843603
2.480000 0.852778 0.923395 0.785262 0.853000 0.852778
2.490000 0.862000 0.933000 0.794152 0.862225 0.862000
2.500000 0.871270 0.942659 0.803084 0.871498 0.871269
2.510000 0.880588 0.952373 0.812059 0.880820 0.880588
2.520000 0.889956 0.962143 0.821078 0.890192 0.889956
2.530000 0.899374 0.971969 0.830141 0.899614 0.899374
2.540000 0.908844 0.981853 0.839250 0.909087 0.908843
2.550000 0.918365 0.991796 0.848405 0.918613 0.918365
2.560000 0.927939 1.001798 0.857606 0.928191 0.927939
2.570000 0.937567 1.011861 0.866856 0.937823 0.937567
2.580000 0.947249 1.021984 0.876153 0.947509 0.947249
2.590000 0.956987 1.032170 0.885500 0.957251 0.956987
2.600000 0.966781 1.042419 0.894897 0.967049 0.966781
2.610000 0.976632 1.052732 0.904344 0.976904 0.976632
2.620000 0.986541 1.063110 0.913843 0.986817 0.986541
2.630000 0.996509 1.073553 0.923395 0.996790 0.996509
2.640000 1.006537 1.084064 0.933000 1.006822 1.006537
2.650000 1.016626 1.094642 0.942659 1.016915 1.016625
2.660000 1.026776 1.105289 0.952373 1.027069 1.026776
2.670000 1.036989 1.116006 0.962143 1.037286 1.036988
2.680000 1.047265 1.126794 0.971969 1.047567 1.047265
2.690000 1.057606 1.137654 0.981853 1.057912 1.057606
2.700000 1.068012 1.148586 0.991796 1.068323 1.068012
2.710000 1.078485 1.159592 1.001798 1.078800 1.078484
2.720000 1.089024 1.170672 1.011861 1.089344 1.089024
2.730000 1.099632 1.181829 1.021984 1.099957 1.099632
2.740000 1.110310 1.193062 1.032170 1.110639 1.110310
2.750000 1.121057 1.204373 1.042419 1.121391 1.121057
2.760000 1.131876 1.215763 1.052732 1.132215 1.131876
2.770000 1.142767 1.227233 1.063110 1.143111 1.142767
2.780000 1.153732 1.238784 1.073553 1.154079 1.153731
2.790000 1.164770 1.250417 1.084064 1.165123 1.164770
2.800000 1.175884 1.262132 1.094642 1.176241 1.175883
2.810000 1.187074 1.273932 1.105289 1.187436 1.187073
2.820000 1.198341 1.285818 1.116006 1.198708 1.198341
2.830000 1.209686 1.297789 1.126794 1.210058 1.209686
2.840000 1.221111 1.309848 1.137654 1.221488 1.221111
2.850000 1.232616 1.321995 1.148586 1.232998 1.232616
2.860000 1.244203 1.334232 1.159592 1.244590 1.244203
2.870000 1.255872 1.346559 1.170672 1.256264 1.255872
2.880000 1.267625 1.358979 1.181829 1.268022 1.267625
2.890000 1.279462 1.371491 1.193062 1.279864 1.279462
2.900000 1.291385 1.384097 1.204373 1.291792 1.291385
2.910000 1.303395 1.396798 1.215763 1.303807 1.303395
2.920000 1.315493 1.409596 1.227233 1.315910 1.315493
2.930000 1.327680 1.422491 1.238784 1.328102 1.327680
2.940000 1.339957 1.435485 1.250417 1.340384 1.339956
2.950000 1.352325 1.448578 1.262132 1.352757 1.352324
2.960000 1.364785 1.461772 1.273932 1.365223 1.364785
2.970000 1.377339 1.475069 1.285818 1.377782 1.377338
2.980000 1.389987 1.488469 1.297789 1.390436 1.389987
2.990000 1.402731 0.000000 1.309848 1.403185 0.000000
3.000000 1.415572 0.000000 1.321995 0.000000 0.000000
