# СРАВНЕНИЕ МЕТОДОВ ПЕРВОЙ ПРОИЗВОДНОЙ
0.390000 -0.247489 -0.126768 -0.374580 -0.250674 -0.234142 -0.252015 -0.245163
0.535000 -0.019084 0.081586 -0.134642 -0.026528 -0.001285 -0.010438 -0.018114
0.680000 0.168017 0.242683 0.075135 0.158909 0.185638 0.183979 0.167819
0.825000 0.304428 0.353764 0.237979 0.295871 0.318510 0.322655 0.303418
0.970000 0.393117 0.422502 0.350704 0.386603 0.402139 0.409449 0.391782
1.115000 0.445373 0.462201 0.420698 0.441449 0.449475 0.457251 0.444125
1.260000 0.475587 0.486915 0.461157 0.474036 0.475822 0.482306 0.474631
1.405000 0.497004 0.508315 0.486176 0.497245 0.494610 0.499216 0.496367
1.550000 0.519670 0.534656 0.507532 0.521094 0.515667 0.518582 0.519285
1.695000 0.550243 0.571154 0.533602 0.552378 0.545311 0.547024 0.550022
1.840000 0.592736 0.620867 0.569689 0.595278 0.587258 0.588254 0.592605
1.985000 0.649455 0.685573 0.618911 0.652242 0.643599 0.644248 0.649361
2.130000 0.721789 0.766432 0.683079 0.724756 0.715586 0.716132 0.721699
2.275000 0.810754 0.864428 0.763365 0.813896 0.804151 0.804745 0.810648
2.420000 0.917343 0.980635 0.860753 0.920694 0.910241 0.910971 0.917209
2.565000 1.042729 1.116375 0.976311 1.046343 1.034999 1.035917 1.042562


# СРАВНЕНИЕ МЕТОДОВ ВТОРОЙ ПРОИЗВОДНОЙ
0.390000 1.671594 1.431649 1.634198 1.652079 1.671938
0.535000 1.451548 1.104939 1.656052 1.441518 1.451688
0.680000 1.118577 0.760595 1.451252 1.116987 1.118831
0.825000 0.766843 0.470047 1.129012 0.771899 0.767294
0.970000 0.470069 0.271497 0.783268 0.478650 0.470528
1.115000 0.267761 0.169671 0.487366 0.276683 0.268043
1.260000 0.164435 0.147918 0.281985 0.171720 0.164515
1.405000 0.142518 0.182724 0.173865 0.147591 0.142474
1.550000 0.177671 0.253196 0.147333 0.180826 0.177586
1.695000 0.248527 0.344579 0.178971 0.250352 0.248448
1.840000 0.340142 0.448129 0.247532 0.341190 0.340083
1.985000 0.443729 0.559650 0.337815 0.444412 0.443691
2.130000 0.555108 0.677954 0.440703 0.555691 0.555085
2.275000 0.673112 0.803691 0.551740 0.673758 0.673099
2.420000 0.798412 0.938590 0.669571 0.799215 0.798404
2.565000 0.932746 1.085018 0.794750 0.933762 0.932741
