# АНАЛИТИЧЕСКАЯ ПЕРВАЯ ПРОИЗВОДНАЯ
0.158000 -0.632767
0.163800 -0.623954
0.169600 -0.615055
0.175400 -0.606073
0.181200 -0.597013
0.187000 -0.587878
0.192800 -0.578672
0.198600 -0.569399
0.204400 -0.560064
0.210200 -0.550669
0.216000 -0.541218
0.221800 -0.531715
0.227600 -0.522163
0.233400 -0.512567
0.239200 -0.502928
0.245000 -0.493251
0.250800 -0.483539
0.256600 -0.473795
0.262400 -0.464023
0.268200 -0.454224
0.274000 -0.444403
0.279800 -0.434563
0.285600 -0.424706
0.291400 -0.414835
0.297200 -0.404953
0.303000 -0.395063
0.308800 -0.385168
0.314600 -0.375270
0.320400 -0.365372
0.326200 -0.355477
0.332000 -0.345587
0.337800 -0.335704
0.343600 -0.325831
0.349400 -0.315971
0.355200 -0.306125
0.361000 -0.296297
0.366800 -0.286488
0.372600 -0.276700
0.378400 -0.266937
0.384200 -0.257199
0.390000 -0.247489
0.395800 -0.237809
0.401600 -0.228161
0.407400 -0.218547
0.413200 -0.208969
0.419000 -0.199429
0.424800 -0.189928
0.430600 -0.180469
0.436400 -0.171053
0.442200 -0.161681
0.448000 -0.152356
0.453800 -0.143080
0.459600 -0.133853
0.465400 -0.124677
0.471200 -0.115554
0.477000 -0.106486
0.482800 -0.097473
0.488600 -0.088517
0.494400 -0.079620
0.500200 -0.070783
0.506000 -0.062006
0.511800 -0.053292
0.517600 -0.044642
0.523400 -0.036056
0.529200 -0.027537
0.535000 -0.019084
0.540800 -0.010699
0.546600 -0.002383
0.552400 0.005862
0.558200 0.014037
0.564000 0.022140
0.569800 0.030170
0.575600 0.038127
0.581400 0.046009
0.587200 0.053816
0.593000 0.061547
0.598800 0.069201
0.604600 0.076778
0.610400 0.084278
0.616200 0.091699
0.622000 0.099040
0.627800 0.106303
0.633600 0.113485
0.639400 0.120587
0.645200 0.127608
0.651000 0.134548
0.656800 0.141406
0.662600 0.148182
0.668400 0.154877
0.674200 0.161488
0.680000 0.168017
0.685800 0.174464
0.691600 0.180827
0.697400 0.187107
0.703200 0.193305
0.709000 0.199419
0.714800 0.205450
0.720600 0.211397
0.726400 0.217262
0.732200 0.223043
0.738000 0.228742
0.743800 0.234358
0.749600 0.239891
0.755400 0.245342
0.761200 0.250710
0.767000 0.255997
0.772800 0.261201
0.778600 0.266325
0.784400 0.271367
0.790200 0.276329
0.796000 0.281210
0.801800 0.286012
0.807600 0.290734
0.813400 0.295377
0.819200 0.299942
0.825000 0.304428
0.830800 0.308837
0.836600 0.313169
0.842400 0.317425
0.848200 0.321605
0.854000 0.325710
0.859800 0.329740
0.865600 0.333696
0.871400 0.337579
0.877200 0.341390
0.883000 0.345129
0.888800 0.348797
0.894600 0.352394
0.900400 0.355922
0.906200 0.359380
0.912000 0.362771
0.917800 0.366095
0.923600 0.369352
0.929400 0.372543
0.935200 0.375670
0.941000 0.378732
0.946800 0.381732
0.952600 0.384669
0.958400 0.387545
0.964200 0.390361
0.970000 0.393117
0.975800 0.395814
0.981600 0.398453
0.987400 0.401036
0.993200 0.403562
0.999000 0.406034
1.004800 0.408452
1.010600 0.410816
1.016400 0.413128
1.022200 0.415389
1.028000 0.417600
1.033800 0.419761
1.039600 0.421874
1.045400 0.423940
1.051200 0.425959
1.057000 0.427932
1.062800 0.429861
1.068600 0.431747
1.074400 0.433589
1.080200 0.435390
1.086000 0.437150
1.091800 0.438871
1.097600 0.440552
1.103400 0.442196
1.109200 0.443803
1.115000 0.445373
1.120800 0.446909
1.126600 0.448410
1.132400 0.449879
1.138200 0.451315
1.144000 0.452719
1.149800 0.454094
1.155600 0.455438
1.161400 0.456754
1.167200 0.458043
1.173000 0.459304
1.178800 0.460539
1.184600 0.461750
1.190400 0.462936
1.196200 0.464099
1.202000 0.465239
1.207800 0.466358
1.213600 0.467455
1.219400 0.468533
1.225200 0.469592
1.231000 0.470632
1.236800 0.471655
1.242600 0.472661
1.248400 0.473652
1.254200 0.474627
1.260000 0.475587
1.265800 0.476534
1.271600 0.477468
1.277400 0.478391
1.283200 0.479301
1.289000 0.480201
1.294800 0.481091
1.300600 0.481972
1.306400 0.482845
1.312200 0.483709
1.318000 0.484567
1.323800 0.485418
1.329600 0.486263
1.335400 0.487103
1.341200 0.487938
1.347000 0.488769
1.352800 0.489598
1.358600 0.490423
1.364400 0.491247
1.370200 0.492069
1.376000 0.492890
1.381800 0.493711
1.387600 0.494533
1.393400 0.495355
1.399200 0.496178
1.405000 0.497004
1.410800 0.497832
1.416600 0.498663
1.422400 0.499497
1.428200 0.500335
1.434000 0.501178
1.439800 0.502026
1.445600 0.502880
1.451400 0.503739
1.457200 0.504605
1.463000 0.505477
1.468800 0.506357
1.474600 0.507245
1.480400 0.508140
1.486200 0.509045
1.492000 0.509958
1.497800 0.510881
1.503600 0.511813
1.509400 0.512756
1.515200 0.513709
1.521000 0.514673
1.526800 0.515648
1.532600 0.516635
1.538400 0.517634
1.544200 0.518646
1.550000 0.519670
1.555800 0.520707
1.561600 0.521757
1.567400 0.522821
1.573200 0.523899
1.579000 0.524991
1.584800 0.526098
1.590600 0.527220
1.596400 0.528357
1.602200 0.529509
1.608000 0.530677
1.613800 0.531860
1.619600 0.533060
1.625400 0.534277
1.631200 0.535510
1.637000 0.536760
1.642800 0.538027
1.648600 0.539312
1.654400 0.540614
1.660200 0.541935
1.666000 0.543273
1.671800 0.544630
1.677600 0.546005
1.683400 0.547398
1.689200 0.548811
1.695000 0.550243
1.700800 0.551694
1.706600 0.553165
1.712400 0.554655
1.718200 0.556165
1.724000 0.557695
1.729800 0.559246
1.735600 0.560816
1.741400 0.562407
1.747200 0.564019
1.753000 0.565652
1.758800 0.567306
1.764600 0.568980
1.770400 0.570676
1.776200 0.572394
1.782000 0.574133
1.787800 0.575893
1.793600 0.577676
1.799400 0.579480
1.805200 0.581307
1.811000 0.583156
1.816800 0.585027
1.822600 0.586920
1.828400 0.588836
1.834200 0.590775
1.840000 0.592736
1.845800 0.594720
1.851600 0.596727
1.857400 0.598758
1.863200 0.600811
1.869000 0.602888
1.874800 0.604988
1.880600 0.607112
1.886400 0.609260
1.892200 0.611430
1.898000 0.613625
1.903800 0.615844
1.909600 0.618086
1.915400 0.620353
1.921200 0.622644
1.927000 0.624959
1.932800 0.627298
1.938600 0.629661
1.944400 0.632049
1.950200 0.634462
1.956000 0.636899
1.961800 0.639360
1.967600 0.641847
1.973400 0.644358
1.979200 0.646894
1.985000 0.649455
1.990800 0.652042
1.996600 0.654653
2.002400 0.657289
2.008200 0.659951
2.014000 0.662638
2.019800 0.665350
2.025600 0.668088
2.031400 0.670851
2.037200 0.673640
2.043000 0.676455
2.048800 0.679295
2.054600 0.682161
2.060400 0.685052
2.066200 0.687970
2.072000 0.690913
2.077800 0.693883
2.083600 0.696879
2.089400 0.699900
2.095200 0.702948
2.101000 0.706022
2.106800 0.709123
2.112600 0.712250
2.118400 0.715403
2.124200 0.718583
2.130000 0.721789
2.135800 0.725022
2.141600 0.728282
2.147400 0.731568
2.153200 0.734881
2.159000 0.738221
2.164800 0.741588
2.170600 0.744982
2.176400 0.748403
2.182200 0.751851
2.188000 0.755326
2.193800 0.758828
2.199600 0.762358
2.205400 0.765915
2.211200 0.769499
2.217000 0.773111
2.222800 0.776751
2.228600 0.780418
2.234400 0.784112
2.240200 0.787834
2.246000 0.791585
2.251800 0.795363
2.257600 0.799168
2.263400 0.803002
2.269200 0.806864
2.275000 0.810754
2.280800 0.814672
2.286600 0.818619
2.292400 0.822593
2.298200 0.826596
2.304000 0.830628
2.309800 0.834688
2.315600 0.838777
2.321400 0.842894
2.327200 0.847040
2.333000 0.851215
2.338800 0.855418
2.344600 0.859651
2.350400 0.863912
2.356200 0.868203
2.362000 0.872523
2.367800 0.876872
2.373600 0.881251
2.379400 0.885658
2.385200 0.890096
2.391000 0.894562
2.396800 0.899059
2.402600 0.903585
2.408400 0.908141
2.414200 0.912727
2.420000 0.917343
2.425800 0.921989
2.431600 0.926664
2.437400 0.931371
2.443200 0.936107
2.449000 0.940874
2.454800 0.945671
2.460600 0.950499
2.466400 0.955357
2.472200 0.960247
2.478000 0.965167
2.483800 0.970118
2.489600 0.975099
2.495400 0.980112
2.501200 0.985157
2.507000 0.990232
2.512800 0.995339
2.518600 1.000477
2.524400 1.005647
2.530200 1.010849
2.536000 1.016082
2.541800 1.021348
2.547600 1.026645
2.553400 1.031974
2.559200 1.037335
2.565000 1.042729
2.570800 1.048155
2.576600 1.053614
2.582400 1.059105
2.588200 1.064629
2.594000 1.070186
2.599800 1.075776
2.605600 1.081398
2.611400 1.087054
2.617200 1.092743
2.623000 1.098466
2.628800 1.104222
2.634600 1.110012
2.640400 1.115835
2.646200 1.121692
2.652000 1.127583
2.657800 1.133508
2.663600 1.139468
2.669400 1.145462
2.675200 1.151490
2.681000 1.157553
2.686800 1.163650
2.692600 1.169782
2.698400 1.175950
2.704200 1.182152
2.710000 1.188390
2.715800 1.194663
2.721600 1.200971
2.727400 1.207315
2.733200 1.213695
2.739000 1.220110
2.744800 1.226562
2.750600 1.233050
2.756400 1.239574
2.762200 1.246134
2.768000 1.252731
2.773800 1.259365
2.779600 1.266036
2.785400 1.272743
2.791200 1.279488
2.797000 1.286270
2.802800 1.293090
2.808600 1.299947
2.814400 1.306841
2.820200 1.313774
2.826000 1.320745
2.831800 1.327754
2.837600 1.334801
2.843400 1.341887
2.849200 1.349011
2.855000 1.356174
2.860800 1.363377
2.866600 1.370618
2.872400 1.377899
2.878200 1.385219
2.884000 1.392579
2.889800 1.399978
2.895600 1.407418
2.901400 1.414897
2.907200 1.422417
2.913000 1.429978
2.918800 1.437579
2.924600 1.445221
2.930400 1.452903
2.936200 1.460627
2.942000 1.468393


# ЧИСЛЕННАЯ ПЕРВАЯ ПРОИЗВОДНАЯ
0.158000 -0.622364
0.163800 -0.614022
0.169600 -0.605584
0.175400 -0.597057
0.181200 -0.588443
0.187000 -0.579747
0.192800 -0.570973
0.198600 -0.562125
0.204400 -0.553206
0.210200 -0.544221
0.216000 -0.535173
0.221800 -0.526066
0.227600 -0.516904
0.233400 -0.507689
0.239200 -0.498426
0.245000 -0.489118
0.250800 -0.479769
0.256600 -0.470381
0.262400 -0.460958
0.268200 -0.451503
0.274000 -0.442019
0.279800 -0.432510
0.285600 -0.422978
0.291400 -0.413427
0.297200 -0.403859
0.303000 -0.394277
0.308800 -0.384683
0.314600 -0.375082
0.320400 -0.365475
0.326200 -0.355865
0.332000 -0.346255
0.337800 -0.336647
0.343600 -0.327044
0.349400 -0.317448
0.355200 -0.307861
0.361000 -0.298287
0.366800 -0.288727
0.372600 -0.279183
0.378400 -0.269659
0.384200 -0.260155
0.390000 -0.250674
0.395800 -0.241219
0.401600 -0.231791
0.407400 -0.222392
0.413200 -0.213024
0.419000 -0.203689
0.424800 -0.194389
0.430600 -0.185127
0.436400 -0.175902
0.442200 -0.166718
0.448000 -0.157577
0.453800 -0.148478
0.459600 -0.139426
0.465400 -0.130420
0.471200 -0.121462
0.477000 -0.112555
0.482800 -0.103698
0.488600 -0.094895
0.494400 -0.086146
0.500200 -0.077452
0.506000 -0.068816
0.511800 -0.060237
0.517600 -0.051718
0.523400 -0.043259
0.529200 -0.034862
0.535000 -0.026528
0.540800 -0.018258
0.546600 -0.010052
0.552400 -0.001913
0.558200 0.006160
0.564000 0.014165
0.569800 0.022101
0.575600 0.029967
0.581400 0.037764
0.587200 0.045489
0.593000 0.053142
0.598800 0.060722
0.604600 0.068230
0.610400 0.075663
0.616200 0.083022
0.622000 0.090305
0.627800 0.097513
0.633600 0.104645
0.639400 0.111700
0.645200 0.118679
0.651000 0.125579
0.656800 0.132402
0.662600 0.139147
0.668400 0.145813
0.674200 0.152400
0.680000 0.158909
0.685800 0.165338
0.691600 0.171688
0.697400 0.177959
0.703200 0.184150
0.709000 0.190261
0.714800 0.196292
0.720600 0.202244
0.726400 0.208115
0.732200 0.213907
0.738000 0.219620
0.743800 0.225253
0.749600 0.230806
0.755400 0.236280
0.761200 0.241675
0.767000 0.246991
0.772800 0.252228
0.778600 0.257387
0.784400 0.262467
0.790200 0.267470
0.796000 0.272395
0.801800 0.277243
0.807600 0.282014
0.813400 0.286709
0.819200 0.291328
0.825000 0.295871
0.830800 0.300339
0.836600 0.304733
0.842400 0.309053
0.848200 0.313299
0.854000 0.317472
0.859800 0.321572
0.865600 0.325601
0.871400 0.329559
0.877200 0.333446
0.883000 0.337263
0.888800 0.341010
0.894600 0.344689
0.900400 0.348300
0.906200 0.351844
0.912000 0.355322
0.917800 0.358733
0.923600 0.362080
0.929400 0.365362
0.935200 0.368580
0.941000 0.371736
0.946800 0.374830
0.952600 0.377863
0.958400 0.380836
0.964200 0.383749
0.970000 0.386603
0.975800 0.389399
0.981600 0.392139
0.987400 0.394822
0.993200 0.397450
0.999000 0.400024
1.004800 0.402544
1.010600 0.405012
1.016400 0.407428
1.022200 0.409792
1.028000 0.412107
1.033800 0.414373
1.039600 0.416591
1.045400 0.418761
1.051200 0.420885
1.057000 0.422964
1.062800 0.424998
1.068600 0.426988
1.074400 0.428936
1.080200 0.430842
1.086000 0.432707
1.091800 0.434532
1.097600 0.436317
1.103400 0.438065
1.109200 0.439775
1.115000 0.441449
1.120800 0.443088
1.126600 0.444692
1.132400 0.446262
1.138200 0.447800
1.144000 0.449305
1.149800 0.450780
1.155600 0.452224
1.161400 0.453639
1.167200 0.455026
1.173000 0.456385
1.178800 0.457717
1.184600 0.459024
1.190400 0.460306
1.196200 0.461563
1.202000 0.462797
1.207800 0.464009
1.213600 0.465199
1.219400 0.466368
1.225200 0.467518
1.231000 0.468648
1.236800 0.469759
1.242600 0.470853
1.248400 0.471930
1.254200 0.472991
1.260000 0.474036
1.265800 0.475067
1.271600 0.476084
1.277400 0.477088
1.283200 0.478080
1.289000 0.479060
1.294800 0.480029
1.300600 0.480988
1.306400 0.481937
1.312200 0.482877
1.318000 0.483810
1.323800 0.484734
1.329600 0.485652
1.335400 0.486564
1.341200 0.487470
1.347000 0.488371
1.352800 0.489268
1.358600 0.490161
1.364400 0.491051
1.370200 0.491939
1.376000 0.492825
1.381800 0.493709
1.387600 0.494593
1.393400 0.495476
1.399200 0.496360
1.405000 0.497245
1.410800 0.498132
1.416600 0.499020
1.422400 0.499911
1.428200 0.500805
1.434000 0.501702
1.439800 0.502604
1.445600 0.503510
1.451400 0.504421
1.457200 0.505337
1.463000 0.506259
1.468800 0.507188
1.474600 0.508124
1.480400 0.509066
1.486200 0.510017
1.492000 0.510975
1.497800 0.511942
1.503600 0.512919
1.509400 0.513904
1.515200 0.514899
1.521000 0.515904
1.526800 0.516920
1.532600 0.517946
1.538400 0.518984
1.544200 0.520033
1.550000 0.521094
1.555800 0.522168
1.561600 0.523254
1.567400 0.524353
1.573200 0.525465
1.579000 0.526590
1.584800 0.527730
1.590600 0.528883
1.596400 0.530052
1.602200 0.531234
1.608000 0.532432
1.613800 0.533645
1.619600 0.534874
1.625400 0.536119
1.631200 0.537379
1.637000 0.538656
1.642800 0.539950
1.648600 0.541260
1.654400 0.542588
1.660200 0.543933
1.666000 0.545295
1.671800 0.546675
1.677600 0.548074
1.683400 0.549490
1.689200 0.550925
1.695000 0.552378
1.700800 0.553850
1.706600 0.555341
1.712400 0.556852
1.718200 0.558382
1.724000 0.559931
1.729800 0.561500
1.735600 0.563089
1.741400 0.564698
1.747200 0.566328
1.753000 0.567977
1.758800 0.569648
1.764600 0.571339
1.770400 0.573051
1.776200 0.574784
1.782000 0.576539
1.787800 0.578314
1.793600 0.580111
1.799400 0.581930
1.805200 0.583771
1.811000 0.585633
1.816800 0.587518
1.822600 0.589424
1.828400 0.591353
1.834200 0.593304
1.840000 0.595278
1.845800 0.597275
1.851600 0.599294
1.857400 0.601336
1.863200 0.603401
1.869000 0.605489
1.874800 0.607600
1.880600 0.609734
1.886400 0.611892
1.892200 0.614073
1.898000 0.616278
1.903800 0.618507
1.909600 0.620759
1.915400 0.623035
1.921200 0.625336
1.927000 0.627660
1.932800 0.630008
1.938600 0.632381
1.944400 0.634777
1.950200 0.637199
1.956000 0.639644
1.961800 0.642114
1.967600 0.644609
1.973400 0.647129
1.979200 0.649673
1.985000 0.652242
1.990800 0.654836
1.996600 0.657455
2.002400 0.660100
2.008200 0.662769
2.014000 0.665463
2.019800 0.668183
2.025600 0.670928
2.031400 0.673699
2.037200 0.676495
2.043000 0.679317
2.048800 0.682164
2.054600 0.685037
2.060400 0.687936
2.066200 0.690861
2.072000 0.693811
2.077800 0.696788
2.083600 0.699790
2.089400 0.702819
2.095200 0.705874
2.101000 0.708955
2.106800 0.712062
2.112600 0.715196
2.118400 0.718356
2.124200 0.721542
2.130000 0.724756
2.135800 0.727995
2.141600 0.731262
2.147400 0.734555
2.153200 0.737875
2.159000 0.741222
2.164800 0.744595
2.170600 0.747996
2.176400 0.751424
2.182200 0.754879
2.188000 0.758361
2.193800 0.761870
2.199600 0.765407
2.205400 0.768971
2.211200 0.772562
2.217000 0.776181
2.222800 0.779827
2.228600 0.783501
2.234400 0.787203
2.240200 0.790933
2.246000 0.794690
2.251800 0.798475
2.257600 0.802288
2.263400 0.806130
2.269200 0.809999
2.275000 0.813896
2.280800 0.817822
2.286600 0.821776
2.292400 0.825758
2.298200 0.829769
2.304000 0.833809
2.309800 0.837876
2.315600 0.841973
2.321400 0.846098
2.327200 0.850252
2.333000 0.854435
2.338800 0.858647
2.344600 0.862888
2.350400 0.867158
2.356200 0.871457
2.362000 0.875785
2.367800 0.880143
2.373600 0.884530
2.379400 0.888946
2.385200 0.893392
2.391000 0.897868
2.396800 0.902373
2.402600 0.906909
2.408400 0.911474
2.414200 0.916069
2.420000 0.920694
2.425800 0.925349
2.431600 0.930034
2.437400 0.934750
2.443200 0.939496
2.449000 0.944273
2.454800 0.949080
2.460600 0.953918
2.466400 0.958786
2.472200 0.963685
2.478000 0.968616
2.483800 0.973577
2.489600 0.978569
2.495400 0.983593
2.501200 0.988647
2.507000 0.993734
2.512800 0.998851
2.518600 1.004001
2.524400 1.009181
2.530200 1.014394
2.536000 1.019639
2.541800 1.024915
2.547600 1.030224
2.553400 1.035565
2.559200 1.040938
2.565000 1.046343
2.570800 1.051781
2.576600 1.057252
2.582400 1.062755
2.588200 1.068291
2.594000 1.073860
2.599800 1.079462
2.605600 1.085098
2.611400 1.090766
2.617200 1.096468
2.623000 1.102203
2.628800 1.107972
2.634600 1.113775
2.640400 1.119611
2.646200 1.125482
2.652000 1.131386
2.657800 1.137325
2.663600 1.143298
2.669400 1.149306
2.675200 1.155348
2.681000 1.161425
2.686800 1.167536
2.692600 1.173683
2.698400 1.179865
2.704200 1.186081
2.710000 1.192333
2.715800 1.198621
2.721600 1.204944
2.727400 1.211303
2.733200 1.217698
2.739000 1.224129
2.744800 1.230596
2.750600 1.237099
2.756400 1.243639
2.762200 1.250215
2.768000 1.256828
2.773800 1.263477
2.779600 1.270164
2.785400 1.276888
2.791200 1.283649
2.797000 1.290448
2.802800 1.297284
2.808600 1.304158
2.814400 1.311069
2.820200 1.318019
2.826000 1.325007
2.831800 1.332033
2.837600 1.339098
2.843400 1.346201
2.849200 1.353343
2.855000 1.360524
2.860800 1.367744
2.866600 1.375003
2.872400 1.382302
2.878200 1.389641
2.884000 1.397019
2.889800 1.404437
2.895600 1.411895
2.901400 1.419394
2.907200 1.426933
2.913000 1.434512
2.918800 1.442133
2.924600 1.449794
2.930400 1.457496
2.936200 1.465240
2.942000 1.473025


# АНАЛИТИЧЕСКАЯ ВТОРАЯ ПРОИЗВОДНАЯ
0.158000 1.511658
0.163800 1.526976
0.169600 1.541578
0.175400 1.555476
0.181200 1.568683
0.187000 1.581210
0.192800 1.593069
0.198600 1.604270
0.204400 1.614826
0.210200 1.624748
0.216000 1.634046
0.221800 1.642731
0.227600 1.650814
0.233400 1.658305
0.239200 1.665216
0.245000 1.671555
0.250800 1.677333
0.256600 1.682561
0.262400 1.687247
0.268200 1.691401
0.274000 1.695034
0.279800 1.698153
0.285600 1.700769
0.291400 1.702891
0.297200 1.704528
0.303000 1.705688
0.308800 1.706380
0.314600 1.706613
0.320400 1.706395
0.326200 1.705735
0.332000 1.704641
0.337800 1.703122
0.343600 1.701185
0.349400 1.698838
0.355200 1.696089
0.361000 1.692947
0.366800 1.689418
0.372600 1.685511
0.378400 1.681233
0.384200 1.676592
0.390000 1.671594
0.395800 1.666248
0.401600 1.660560
0.407400 1.654539
0.413200 1.648190
0.419000 1.641522
0.424800 1.634541
0.430600 1.627254
0.436400 1.619668
0.442200 1.611790
0.448000 1.603628
0.453800 1.595187
0.459600 1.586474
0.465400 1.577497
0.471200 1.568263
0.477000 1.558776
0.482800 1.549046
0.488600 1.539077
0.494400 1.528877
0.500200 1.518452
0.506000 1.507809
0.511800 1.496954
0.517600 1.485894
0.523400 1.474636
0.529200 1.463185
0.535000 1.451548
0.540800 1.439731
0.546600 1.427742
0.552400 1.415586
0.558200 1.403269
0.564000 1.390799
0.569800 1.378181
0.575600 1.365421
0.581400 1.352526
0.587200 1.339502
0.593000 1.326356
0.598800 1.313093
0.604600 1.299720
0.610400 1.286242
0.616200 1.272666
0.622000 1.258999
0.627800 1.245245
0.633600 1.231412
0.639400 1.217504
0.645200 1.203529
0.651000 1.189491
0.656800 1.175397
0.662600 1.161253
0.668400 1.147064
0.674200 1.132837
0.680000 1.118577
0.685800 1.104289
0.691600 1.089979
0.697400 1.075653
0.703200 1.061316
0.709000 1.046974
0.714800 1.032632
0.720600 1.018296
0.726400 1.003970
0.732200 0.989661
0.738000 0.975372
0.743800 0.961110
0.749600 0.946878
0.755400 0.932683
0.761200 0.918529
0.767000 0.904420
0.772800 0.890362
0.778600 0.876359
0.784400 0.862415
0.790200 0.848536
0.796000 0.834725
0.801800 0.820987
0.807600 0.807325
0.813400 0.793745
0.819200 0.780250
0.825000 0.766843
0.830800 0.753530
0.836600 0.740313
0.842400 0.727196
0.848200 0.714183
0.854000 0.701277
0.859800 0.688481
0.865600 0.675799
0.871400 0.663235
0.877200 0.650790
0.883000 0.638468
0.888800 0.626271
0.894600 0.614203
0.900400 0.602266
0.906200 0.590463
0.912000 0.578796
0.917800 0.567267
0.923600 0.555879
0.929400 0.544634
0.935200 0.533533
0.941000 0.522579
0.946800 0.511773
0.952600 0.501118
0.958400 0.490614
0.964200 0.480264
0.970000 0.470069
0.975800 0.460029
0.981600 0.450147
0.987400 0.440424
0.993200 0.430860
0.999000 0.421456
1.004800 0.412213
1.010600 0.403133
1.016400 0.394215
1.022200 0.385461
1.028000 0.376871
1.033800 0.368444
1.039600 0.360182
1.045400 0.352085
1.051200 0.344153
1.057000 0.336386
1.062800 0.328784
1.068600 0.321348
1.074400 0.314075
1.080200 0.306968
1.086000 0.300025
1.091800 0.293246
1.097600 0.286631
1.103400 0.280178
1.109200 0.273889
1.115000 0.267761
1.120800 0.261795
1.126600 0.255989
1.132400 0.250343
1.138200 0.244856
1.144000 0.239527
1.149800 0.234356
1.155600 0.229341
1.161400 0.224481
1.167200 0.219775
1.173000 0.215222
1.178800 0.210821
1.184600 0.206571
1.190400 0.202470
1.196200 0.198518
1.202000 0.194712
1.207800 0.191052
1.213600 0.187536
1.219400 0.184164
1.225200 0.180933
1.231000 0.177841
1.236800 0.174889
1.242600 0.172073
1.248400 0.169393
1.254200 0.166848
1.260000 0.164435
1.265800 0.162153
1.271600 0.160000
1.277400 0.157975
1.283200 0.156077
1.289000 0.154303
1.294800 0.152652
1.300600 0.151123
1.306400 0.149714
1.312200 0.148423
1.318000 0.147249
1.323800 0.146189
1.329600 0.145243
1.335400 0.144409
1.341200 0.143685
1.347000 0.143069
1.352800 0.142560
1.358600 0.142156
1.364400 0.141856
1.370200 0.141657
1.376000 0.141559
1.381800 0.141560
1.387600 0.141658
1.393400 0.141851
1.399200 0.142139
1.405000 0.142518
1.410800 0.142989
1.416600 0.143548
1.422400 0.144196
1.428200 0.144929
1.434000 0.145747
1.439800 0.146649
1.445600 0.147632
1.451400 0.148695
1.457200 0.149837
1.463000 0.151056
1.468800 0.152351
1.474600 0.153720
1.480400 0.155162
1.486200 0.156676
1.492000 0.158260
1.497800 0.159913
1.503600 0.161633
1.509400 0.163420
1.515200 0.165271
1.521000 0.167186
1.526800 0.169164
1.532600 0.171202
1.538400 0.173300
1.544200 0.175457
1.550000 0.177671
1.555800 0.179942
1.561600 0.182267
1.567400 0.184646
1.573200 0.187078
1.579000 0.189562
1.584800 0.192097
1.590600 0.194680
1.596400 0.197312
1.602200 0.199992
1.608000 0.202718
1.613800 0.205489
1.619600 0.208305
1.625400 0.211164
1.631200 0.214065
1.637000 0.217008
1.642800 0.219992
1.648600 0.223015
1.654400 0.226077
1.660200 0.229177
1.666000 0.232314
1.671800 0.235487
1.677600 0.238696
1.683400 0.241940
1.689200 0.245217
1.695000 0.248527
1.700800 0.251870
1.706600 0.255245
1.712400 0.258650
1.718200 0.262086
1.724000 0.265551
1.729800 0.269045
1.735600 0.272567
1.741400 0.276117
1.747200 0.279694
1.753000 0.283297
1.758800 0.286926
1.764600 0.290581
1.770400 0.294260
1.776200 0.297962
1.782000 0.301689
1.787800 0.305439
1.793600 0.309211
1.799400 0.313005
1.805200 0.316820
1.811000 0.320657
1.816800 0.324515
1.822600 0.328392
1.828400 0.332289
1.834200 0.336206
1.840000 0.340142
1.845800 0.344096
1.851600 0.348068
1.857400 0.352058
1.863200 0.356066
1.869000 0.360091
1.874800 0.364132
1.880600 0.368190
1.886400 0.372264
1.892200 0.376354
1.898000 0.380459
1.903800 0.384579
1.909600 0.388715
1.915400 0.392865
1.921200 0.397030
1.927000 0.401208
1.932800 0.405401
1.938600 0.409608
1.944400 0.413828
1.950200 0.418061
1.956000 0.422307
1.961800 0.426567
1.967600 0.430839
1.973400 0.435123
1.979200 0.439420
1.985000 0.443729
1.990800 0.448051
1.996600 0.452384
2.002400 0.456729
2.008200 0.461085
2.014000 0.465454
2.019800 0.469833
2.025600 0.474224
2.031400 0.478626
2.037200 0.483039
2.043000 0.487464
2.048800 0.491899
2.054600 0.496345
2.060400 0.500802
2.066200 0.505269
2.072000 0.509748
2.077800 0.514236
2.083600 0.518736
2.089400 0.523246
2.095200 0.527766
2.101000 0.532297
2.106800 0.536838
2.112600 0.541390
2.118400 0.545952
2.124200 0.550525
2.130000 0.555108
2.135800 0.559701
2.141600 0.564304
2.147400 0.568918
2.153200 0.573543
2.159000 0.578177
2.164800 0.582823
2.170600 0.587478
2.176400 0.592144
2.182200 0.596821
2.188000 0.601508
2.193800 0.606206
2.199600 0.610914
2.205400 0.615633
2.211200 0.620362
2.217000 0.625103
2.222800 0.629854
2.228600 0.634616
2.234400 0.639389
2.240200 0.644173
2.246000 0.648968
2.251800 0.653774
2.257600 0.658592
2.263400 0.663421
2.269200 0.668261
2.275000 0.673112
2.280800 0.677975
2.286600 0.682850
2.292400 0.687736
2.298200 0.692635
2.304000 0.697545
2.309800 0.702467
2.315600 0.707401
2.321400 0.712347
2.327200 0.717306
2.333000 0.722277
2.338800 0.727261
2.344600 0.732257
2.350400 0.737266
2.356200 0.742288
2.362000 0.747323
2.367800 0.752371
2.373600 0.757432
2.379400 0.762507
2.385200 0.767594
2.391000 0.772696
2.396800 0.777811
2.402600 0.782940
2.408400 0.788083
2.414200 0.793241
2.420000 0.798412
2.425800 0.803598
2.431600 0.808798
2.437400 0.814013
2.443200 0.819243
2.449000 0.824487
2.454800 0.829747
2.460600 0.835022
2.466400 0.840312
2.472200 0.845618
2.478000 0.850940
2.483800 0.856277
2.489600 0.861630
2.495400 0.867000
2.501200 0.872385
2.507000 0.877787
2.512800 0.883206
2.518600 0.888642
2.524400 0.894094
2.530200 0.899563
2.536000 0.905050
2.541800 0.910554
2.547600 0.916075
2.553400 0.921614
2.559200 0.927171
2.565000 0.932746
2.570800 0.938340
2.576600 0.943951
2.582400 0.949581
2.588200 0.955230
2.594000 0.960898
2.599800 0.966585
2.605600 0.972290
2.611400 0.978016
2.617200 0.983761
2.623000 0.989525
2.628800 0.995310
2.634600 1.001115
2.640400 1.006939
2.646200 1.012785
2.652000 1.018651
2.657800 1.024538
2.663600 1.030445
2.669400 1.036374
2.675200 1.042324
2.681000 1.048296
2.686800 1.054290
2.692600 1.060305
2.698400 1.066343
2.704200 1.072402
2.710000 1.078485
2.715800 1.084589
2.721600 1.090717
2.727400 1.096868
2.733200 1.103042
2.739000 1.109239
2.744800 1.115460
2.750600 1.121705
2.756400 1.127973
2.762200 1.134266
2.768000 1.140583
2.773800 1.146925
2.779600 1.153292
2.785400 1.159683
2.791200 1.166100
2.797000 1.172542
2.802800 1.179009
2.808600 1.185502
2.814400 1.192022
2.820200 1.198567
2.826000 1.205139
2.831800 1.211737
2.837600 1.218362
2.843400 1.225014
2.849200 1.231693
2.855000 1.238400
2.860800 1.245134
2.866600 1.251895
2.872400 1.258685
2.878200 1.265503
2.884000 1.272350
2.889800 1.279225
2.895600 1.286129
2.901400 1.293062
2.907200 1.300024
2.913000 1.307015
2.918800 1.314037
2.924600 1.321088
2.930400 1.328169
2.936200 1.335281
2.942000 1.342423


# ЧИСЛЕННАЯ ВТОРАЯ ПРОИЗВОДНАЯ
0.158000 1.470912
0.163800 1.486907
0.169600 1.502178
0.175400 1.516738
0.181200 1.530599
0.187000 1.543771
0.192800 1.556266
0.198600 1.568096
0.204400 1.579272
0.210200 1.589806
0.216000 1.599708
0.221800 1.608988
0.227600 1.617659
0.233400 1.625730
0.239200 1.633211
0.245000 1.640114
0.250800 1.646448
0.256600 1.652223
0.262400 1.657450
0.268200 1.662137
0.274000 1.666295
0.279800 1.669933
0.285600 1.673061
0.291400 1.675687
0.297200 1.677821
0.303000 1.679472
0.308800 1.680649
0.314600 1.681361
0.320400 1.681616
0.326200 1.681422
0.332000 1.680790
0.337800 1.679726
0.343600 1.678239
0.349400 1.676337
0.355200 1.674028
0.361000 1.671321
0.366800 1.668223
0.372600 1.664742
0.378400 1.660886
0.384200 1.656663
0.390000 1.652079
0.395800 1.647143
0.401600 1.641862
0.407400 1.636244
0.413200 1.630295
0.419000 1.624024
0.424800 1.617436
0.430600 1.610540
0.436400 1.603343
0.442200 1.595851
0.448000 1.588072
0.453800 1.580012
0.459600 1.571679
0.465400 1.563079
0.471200 1.554219
0.477000 1.545105
0.482800 1.535746
0.488600 1.526147
0.494400 1.516314
0.500200 1.506256
0.506000 1.495977
0.511800 1.485486
0.517600 1.474787
0.523400 1.463889
0.529200 1.452797
0.535000 1.441518
0.540800 1.430058
0.546600 1.418423
0.552400 1.406621
0.558200 1.394657
0.564000 1.382537
0.569800 1.370269
0.575600 1.357857
0.581400 1.345309
0.587200 1.332631
0.593000 1.319829
0.598800 1.306908
0.604600 1.293876
0.610400 1.280737
0.616200 1.267499
0.622000 1.254167
0.627800 1.240748
0.633600 1.227246
0.639400 1.213669
0.645200 1.200021
0.651000 1.186309
0.656800 1.172539
0.662600 1.158716
0.668400 1.144846
0.674200 1.130934
0.680000 1.116987
0.685800 1.103009
0.691600 1.089007
0.697400 1.074986
0.703200 1.060950
0.709000 1.046907
0.714800 1.032860
0.720600 1.018815
0.726400 1.004777
0.732200 0.990751
0.738000 0.976743
0.743800 0.962757
0.749600 0.948798
0.755400 0.934871
0.761200 0.920981
0.767000 0.907133
0.772800 0.893330
0.778600 0.879578
0.784400 0.865881
0.790200 0.852243
0.796000 0.838669
0.801800 0.825163
0.807600 0.811729
0.813400 0.798371
0.819200 0.785093
0.825000 0.771899
0.830800 0.758792
0.836600 0.745777
0.842400 0.732856
0.848200 0.720034
0.854000 0.707313
0.859800 0.694698
0.865600 0.682191
0.871400 0.669795
0.877200 0.657513
0.883000 0.645349
0.888800 0.633305
0.894600 0.621384
0.900400 0.609588
0.906200 0.597920
0.912000 0.586383
0.917800 0.574979
0.923600 0.563709
0.929400 0.552577
0.935200 0.541584
0.941000 0.530732
0.946800 0.520023
0.952600 0.509458
0.958400 0.499041
0.964200 0.488771
0.970000 0.478650
0.975800 0.468680
0.981600 0.458863
0.987400 0.449198
0.993200 0.439688
0.999000 0.430334
1.004800 0.421136
1.010600 0.412094
1.016400 0.403211
1.022200 0.394486
1.028000 0.385921
1.033800 0.377515
1.039600 0.369269
1.045400 0.361183
1.051200 0.353258
1.057000 0.345494
1.062800 0.337890
1.068600 0.330448
1.074400 0.323166
1.080200 0.316046
1.086000 0.309085
1.091800 0.302286
1.097600 0.295646
1.103400 0.289166
1.109200 0.282845
1.115000 0.276683
1.120800 0.270679
1.126600 0.264832
1.132400 0.259143
1.138200 0.253609
1.144000 0.248231
1.149800 0.243007
1.155600 0.237938
1.161400 0.233020
1.167200 0.228255
1.173000 0.223641
1.178800 0.219176
1.184600 0.214860
1.190400 0.210691
1.196200 0.206669
1.202000 0.202792
1.207800 0.199058
1.213600 0.195468
1.219400 0.192019
1.225200 0.188710
1.231000 0.185539
1.236800 0.182506
1.242600 0.179609
1.248400 0.176847
1.254200 0.174218
1.260000 0.171720
1.265800 0.169352
1.271600 0.167114
1.277400 0.165002
1.283200 0.163016
1.289000 0.161155
1.294800 0.159416
1.300600 0.157798
1.306400 0.156299
1.312200 0.154919
1.318000 0.153655
1.323800 0.152505
1.329600 0.151470
1.335400 0.150545
1.341200 0.149731
1.347000 0.149026
1.352800 0.148427
1.358600 0.147933
1.364400 0.147544
1.370200 0.147257
1.376000 0.147070
1.381800 0.146982
1.387600 0.146992
1.393400 0.147098
1.399200 0.147298
1.405000 0.147591
1.410800 0.147976
1.416600 0.148450
1.422400 0.149013
1.428200 0.149662
1.434000 0.150397
1.439800 0.151216
1.445600 0.152117
1.451400 0.153099
1.457200 0.154160
1.463000 0.155299
1.468800 0.156515
1.474600 0.157807
1.480400 0.159172
1.486200 0.160609
1.492000 0.162118
1.497800 0.163696
1.503600 0.165343
1.509400 0.167057
1.515200 0.168836
1.521000 0.170681
1.526800 0.172588
1.532600 0.174558
1.538400 0.176588
1.544200 0.178678
1.550000 0.180826
1.555800 0.183031
1.561600 0.185293
1.567400 0.187609
1.573200 0.189979
1.579000 0.192402
1.584800 0.194876
1.590600 0.197401
1.596400 0.199975
1.602200 0.202598
1.608000 0.205267
1.613800 0.207984
1.619600 0.210745
1.625400 0.213551
1.631200 0.216400
1.637000 0.219292
1.642800 0.222225
1.648600 0.225199
1.654400 0.228213
1.660200 0.231266
1.666000 0.234356
1.671800 0.237484
1.677600 0.240649
1.683400 0.243848
1.689200 0.247083
1.695000 0.250352
1.700800 0.253654
1.706600 0.256988
1.712400 0.260355
1.718200 0.263752
1.724000 0.267180
1.729800 0.270637
1.735600 0.274124
1.741400 0.277639
1.747200 0.281182
1.753000 0.284752
1.758800 0.288349
1.764600 0.291971
1.770400 0.295620
1.776200 0.299292
1.782000 0.302990
1.787800 0.306711
1.793600 0.310455
1.799400 0.314222
1.805200 0.318012
1.811000 0.321823
1.816800 0.325655
1.822600 0.329509
1.828400 0.333383
1.834200 0.337277
1.840000 0.341190
1.845800 0.345123
1.851600 0.349074
1.857400 0.353044
1.863200 0.357032
1.869000 0.361038
1.874800 0.365061
1.880600 0.369101
1.886400 0.373158
1.892200 0.377231
1.898000 0.381320
1.903800 0.385425
1.909600 0.389546
1.915400 0.393681
1.921200 0.397832
1.927000 0.401998
1.932800 0.406177
1.938600 0.410372
1.944400 0.414580
1.950200 0.418802
1.956000 0.423037
1.961800 0.427286
1.967600 0.431548
1.973400 0.435823
1.979200 0.440111
1.985000 0.444412
1.990800 0.448725
1.996600 0.453050
2.002400 0.457387
2.008200 0.461737
2.014000 0.466099
2.019800 0.470472
2.025600 0.474857
2.031400 0.479254
2.037200 0.483662
2.043000 0.488081
2.048800 0.492512
2.054600 0.496954
2.060400 0.501407
2.066200 0.505871
2.072000 0.510346
2.077800 0.514832
2.083600 0.519329
2.089400 0.523837
2.095200 0.528355
2.101000 0.532885
2.106800 0.537425
2.112600 0.541975
2.118400 0.546536
2.124200 0.551108
2.130000 0.555691
2.135800 0.560284
2.141600 0.564888
2.147400 0.569502
2.153200 0.574127
2.159000 0.578763
2.164800 0.583409
2.170600 0.588066
2.176400 0.592734
2.182200 0.597412
2.188000 0.602102
2.193800 0.606801
2.199600 0.611512
2.205400 0.616234
2.211200 0.620966
2.217000 0.625710
2.222800 0.630464
2.228600 0.635229
2.234400 0.640006
2.240200 0.644794
2.246000 0.649593
2.251800 0.654403
2.257600 0.659225
2.263400 0.664058
2.269200 0.668902
2.275000 0.673758
2.280800 0.678626
2.286600 0.683506
2.292400 0.688397
2.298200 0.693301
2.304000 0.698216
2.309800 0.703144
2.315600 0.708084
2.321400 0.713036
2.327200 0.718001
2.333000 0.722978
2.338800 0.727967
2.344600 0.732970
2.350400 0.737985
2.356200 0.743014
2.362000 0.748055
2.367800 0.753110
2.373600 0.758178
2.379400 0.763259
2.385200 0.768354
2.391000 0.773462
2.396800 0.778585
2.402600 0.783721
2.408400 0.788872
2.414200 0.794036
2.420000 0.799215
2.425800 0.804408
2.431600 0.809616
2.437400 0.814839
2.443200 0.820077
2.449000 0.825329
2.454800 0.830597
2.460600 0.835880
2.466400 0.841179
2.472200 0.846493
2.478000 0.851823
2.483800 0.857168
2.489600 0.862530
2.495400 0.867908
2.501200 0.873302
2.507000 0.878713
2.512800 0.884140
2.518600 0.889584
2.524400 0.895046
2.530200 0.900524
2.536000 0.906019
2.541800 0.911532
2.547600 0.917063
2.553400 0.922611
2.559200 0.928177
2.565000 0.933762
2.570800 0.939364
2.576600 0.944985
2.582400 0.950625
2.588200 0.956283
2.594000 0.961960
2.599800 0.967657
2.605600 0.973372
2.611400 0.979107
2.617200 0.984862
2.623000 0.990636
2.628800 0.996431
2.634600 1.002245
2.640400 1.008080
2.646200 1.013935
2.652000 1.019811
2.657800 1.025708
2.663600 1.031626
2.669400 1.037565
2.675200 1.043525
2.681000 1.049507
2.686800 1.055511
2.692600 1.061537
2.698400 1.067585
2.704200 1.073655
2.710000 1.079748
2.715800 1.085863
2.721600 1.092001
2.727400 1.098162
2.733200 1.104347
2.739000 1.110555
2.744800 1.116786
2.750600 1.123042
2.756400 1.129321
2.762200 1.135625
2.768000 1.141953
2.773800 1.148306
2.779600 1.154683
2.785400 1.161086
2.791200 1.167513
2.797000 1.173966
2.802800 1.180445
2.808600 1.186949
2.814400 1.193480
2.820200 1.200036
2.826000 1.206619
2.831800 1.213229
2.837600 1.219865
2.843400 1.226529
2.849200 1.233219
2.855000 1.239937
2.860800 1.246683
2.866600 1.253456
2.872400 1.260258
2.878200 1.267087
2.884000 1.273946
2.889800 1.280832
2.895600 1.287748
2.901400 1.294693
2.907200 1.301667
2.913000 1.308670
2.918800 1.315703
2.924600 1.322767
2.930400 1.329860
2.936200 1.336984
2.942000 1.344138
