0.250000 1.676569 1.699829 1.544879 1.668861 1.676613
0.302000 1.705521 1.677204 1.641736 1.698973 1.705557
0.354000 1.696690 1.625100 1.690710 1.691173 1.696717
0.406000 1.656023 1.548745 1.698901 1.651438 1.656041
0.458000 1.588905 1.453048 1.672594 1.585188 1.588916
0.510000 1.500345 1.342713 1.617432 1.497456 1.500353
0.562000 1.395116 1.222283 1.538599 1.393026 1.395123
0.614000 1.277827 1.096131 1.440977 1.276510 1.277836
0.666000 1.152941 0.968386 1.329247 1.152364 1.152955
0.718000 1.024722 0.842836 1.207938 1.024834 1.024741
0.770000 0.897142 0.722809 1.081397 0.897872 0.897167
0.822000 0.773766 0.611081 0.953720 0.775025 0.773795
0.874000 0.657641 0.509808 0.828646 0.659323 0.657672
0.926000 0.551208 0.420495 0.709447 0.553201 0.551240
0.978000 0.456262 0.344019 0.598828 0.458453 0.456292
1.030000 0.373946 0.280686 0.498870 0.376230 0.373972
1.082000 0.304796 0.230309 0.411005 0.307080 0.304817
1.134000 0.248813 0.192317 0.336040 0.251022 0.248829
1.186000 0.205567 0.165853 0.274220 0.207644 0.205578
1.238000 0.174295 0.149876 0.225308 0.176200 0.174301
1.290000 0.154010 0.143249 0.188694 0.155721 0.154012
1.342000 0.143593 0.144812 0.163495 0.145101 0.143593
1.394000 0.141877 0.153434 0.148656 0.143184 0.141874
1.446000 0.147702 0.168056 0.143033 0.148819 0.147698
1.498000 0.159971 0.187715 0.145467 0.160912 0.159966
1.550000 0.177671 0.211559 0.154834 0.178456 0.177666
1.602000 0.199899 0.238848 0.170084 0.200547 0.199893
1.654000 0.225865 0.268957 0.190268 0.226395 0.225859
1.706000 0.254894 0.301368 0.214545 0.255327 0.254889
1.758000 0.286424 0.335660 0.242189 0.286778 0.286420
1.810000 0.319994 0.371501 0.272588 0.320284 0.319990
1.862000 0.355235 0.408636 0.305236 0.355475 0.355232
1.914000 0.391862 0.446876 0.339722 0.392065 0.391859
1.966000 0.429659 0.486090 0.375724 0.429835 0.429656
2.018000 0.468473 0.526197 0.412994 0.468631 0.468471
2.070000 0.508202 0.567153 0.451353 0.508351 0.508200
2.122000 0.548789 0.608950 0.490673 0.548934 0.548788
2.174000 0.590212 0.651609 0.530879 0.590359 0.590211
2.226000 0.632480 0.695170 0.571933 0.632632 0.632479
2.278000 0.675626 0.739696 0.613828 0.675788 0.675625
2.330000 0.719704 0.785262 0.656588 0.719878 0.719704
2.382000 0.764786 0.831959 0.700257 0.764974 0.764785
2.434000 0.810954 0.879886 0.744899 0.811159 0.810954
2.486000 0.858306 0.929151 0.790591 0.858529 0.858305
2.538000 0.906946 0.979872 0.837424 0.907189 0.906945
2.590000 0.956987 1.032170 0.885500 0.957251 0.956987
2.642000 1.008550 1.086174 0.934927 1.008836 1.008550
2.694000 1.061760 1.142018 0.985823 1.062069 1.061760
2.746000 1.116750 1.199839 1.038312 1.117082 1.116750
2.798000 1.173655 1.259783 1.092521 1.174011 1.173655
2.850000 1.232616 1.321995 1.148586 1.232998 1.232616
