# ФУНКЦИЯ
0.100000 1.077937
0.105800 1.073812
0.111600 1.069731
0.117400 1.065696
0.123200 1.061708
0.129000 1.057767
0.134800 1.053874
0.140600 1.050029
0.146400 1.046234
0.152200 1.042488
0.158000 1.038793
0.163800 1.035148
0.169600 1.031555
0.175400 1.028014
0.181200 1.024525
0.187000 1.021089
0.192800 1.017706
0.198600 1.014376
0.204400 1.011101
0.210200 1.007880
0.216000 1.004713
0.221800 1.001602
0.227600 0.998545
0.233400 0.995545
0.239200 0.992600
0.245000 0.989711
0.250800 0.986878
0.256600 0.984102
0.262400 0.981382
0.268200 0.978719
0.274000 0.976113
0.279800 0.973564
0.285600 0.971072
0.291400 0.968637
0.297200 0.966260
0.303000 0.963940
0.308800 0.961677
0.314600 0.959472
0.320400 0.957324
0.326200 0.955234
0.332000 0.953201
0.337800 0.951225
0.343600 0.949306
0.349400 0.947445
0.355200 0.945641
0.361000 0.943894
0.366800 0.942204
0.372600 0.940571
0.378400 0.938994
0.384200 0.937474
0.390000 0.936011
0.395800 0.934603
0.401600 0.933252
0.407400 0.931957
0.413200 0.930717
0.419000 0.929533
0.424800 0.928403
0.430600 0.927329
0.436400 0.926310
0.442200 0.925345
0.448000 0.924434
0.453800 0.923578
0.459600 0.922774
0.465400 0.922025
0.471200 0.921328
0.477000 0.920684
0.482800 0.920093
0.488600 0.919553
0.494400 0.919066
0.500200 0.918630
0.506000 0.918245
0.511800 0.917910
0.517600 0.917626
0.523400 0.917392
0.529200 0.917208
0.535000 0.917073
0.540800 0.916986
0.546600 0.916949
0.552400 0.916959
0.558200 0.917016
0.564000 0.917121
0.569800 0.917273
0.575600 0.917471
0.581400 0.917715
0.587200 0.918005
0.593000 0.918339
0.598800 0.918719
0.604600 0.919142
0.610400 0.919609
0.616200 0.920119
0.622000 0.920673
0.627800 0.921268
0.633600 0.921906
0.639400 0.922584
0.645200 0.923304
0.651000 0.924065
0.656800 0.924865
0.662600 0.925705
0.668400 0.926584
0.674200 0.927501
0.680000 0.928457
0.685800 0.929450
0.691600 0.930480
0.697400 0.931547
0.703200 0.932651
0.709000 0.933790
0.714800 0.934964
0.720600 0.936173
0.726400 0.937416
0.732200 0.938693
0.738000 0.940003
0.743800 0.941346
0.749600 0.942721
0.755400 0.944128
0.761200 0.945567
0.767000 0.947037
0.772800 0.948536
0.778600 0.950066
0.784400 0.951626
0.790200 0.953214
0.796000 0.954831
0.801800 0.956476
0.807600 0.958149
0.813400 0.959848
0.819200 0.961575
0.825000 0.963327
0.830800 0.965106
0.836600 0.966910
0.842400 0.968739
0.848200 0.970592
0.854000 0.972469
0.859800 0.974370
0.865600 0.976294
0.871400 0.978241
0.877200 0.980210
0.883000 0.982201
0.888800 0.984213
0.894600 0.986247
0.900400 0.988301
0.906200 0.990375
0.912000 0.992469
0.917800 0.994583
0.923600 0.996716
0.929400 0.998867
0.935200 1.001037
0.941000 1.003225
0.946800 1.005430
0.952600 1.007653
0.958400 1.009893
0.964200 1.012148
0.970000 1.014421
0.975800 1.016708
0.981600 1.019012
0.987400 1.021330
0.993200 1.023664
0.999000 1.026012
1.004800 1.028374
1.010600 1.030750
1.016400 1.033139
1.022200 1.035542
1.028000 1.037957
1.033800 1.040386
1.039600 1.042827
1.045400 1.045280
1.051200 1.047744
1.057000 1.050221
1.062800 1.052708
1.068600 1.055207
1.074400 1.057716
1.080200 1.060236
1.086000 1.062767
1.091800 1.065307
1.097600 1.067858
1.103400 1.070418
1.109200 1.072987
1.115000 1.075566
1.120800 1.078153
1.126600 1.080750
1.132400 1.083355
1.138200 1.085968
1.144000 1.088590
1.149800 1.091220
1.155600 1.093857
1.161400 1.096503
1.167200 1.099156
1.173000 1.101816
1.178800 1.104484
1.184600 1.107158
1.190400 1.109840
1.196200 1.112528
1.202000 1.115223
1.207800 1.117925
1.213600 1.120633
1.219400 1.123347
1.225200 1.126068
1.231000 1.128795
1.236800 1.131527
1.242600 1.134266
1.248400 1.137010
1.254200 1.139760
1.260000 1.142516
1.265800 1.145277
1.271600 1.148044
1.277400 1.150816
1.283200 1.153593
1.289000 1.156375
1.294800 1.159163
1.300600 1.161956
1.306400 1.164754
1.312200 1.167557
1.318000 1.170365
1.323800 1.173178
1.329600 1.175996
1.335400 1.178819
1.341200 1.181646
1.347000 1.184479
1.352800 1.187316
1.358600 1.190158
1.364400 1.193005
1.370200 1.195856
1.376000 1.198713
1.381800 1.201574
1.387600 1.204440
1.393400 1.207311
1.399200 1.210186
1.405000 1.213066
1.410800 1.215951
1.416600 1.218841
1.422400 1.221736
1.428200 1.224635
1.434000 1.227540
1.439800 1.230449
1.445600 1.233363
1.451400 1.236282
1.457200 1.239207
1.463000 1.242136
1.468800 1.245070
1.474600 1.248010
1.480400 1.250954
1.486200 1.253904
1.492000 1.256859
1.497800 1.259820
1.503600 1.262785
1.509400 1.265757
1.515200 1.268733
1.521000 1.271716
1.526800 1.274704
1.532600 1.277697
1.538400 1.280697
1.544200 1.283702
1.550000 1.286713
1.555800 1.289730
1.561600 1.292753
1.567400 1.295782
1.573200 1.298818
1.579000 1.301860
1.584800 1.304908
1.590600 1.307962
1.596400 1.311024
1.602200 1.314091
1.608000 1.317166
1.613800 1.320247
1.619600 1.323336
1.625400 1.326431
1.631200 1.329533
1.637000 1.332643
1.642800 1.335760
1.648600 1.338884
1.654400 1.342016
1.660200 1.345155
1.666000 1.348302
1.671800 1.351457
1.677600 1.354620
1.683400 1.357791
1.689200 1.360970
1.695000 1.364157
1.700800 1.367353
1.706600 1.370557
1.712400 1.373769
1.718200 1.376991
1.724000 1.380221
1.729800 1.383460
1.735600 1.386708
1.741400 1.389966
1.747200 1.393232
1.753000 1.396508
1.758800 1.399794
1.764600 1.403089
1.770400 1.406394
1.776200 1.409709
1.782000 1.413034
1.787800 1.416369
1.793600 1.419714
1.799400 1.423070
1.805200 1.426436
1.811000 1.429813
1.816800 1.433201
1.822600 1.436599
1.828400 1.440009
1.834200 1.443430
1.840000 1.446862
1.845800 1.450306
1.851600 1.453761
1.857400 1.457228
1.863200 1.460707
1.869000 1.464197
1.874800 1.467700
1.880600 1.471215
1.886400 1.474743
1.892200 1.478283
1.898000 1.481835
1.903800 1.485401
1.909600 1.488979
1.915400 1.492571
1.921200 1.496175
1.927000 1.499793
1.932800 1.503425
1.938600 1.507070
1.944400 1.510729
1.950200 1.514402
1.956000 1.518089
1.961800 1.521790
1.967600 1.525505
1.973400 1.529235
1.979200 1.532980
1.985000 1.536739
1.990800 1.540514
1.996600 1.544303
2.002400 1.548108
2.008200 1.551928
2.014000 1.555763
2.019800 1.559614
2.025600 1.563481
2.031400 1.567364
2.037200 1.571263
2.043000 1.575179
2.048800 1.579110
2.054600 1.583058
2.060400 1.587023
2.066200 1.591005
2.072000 1.595004
2.077800 1.599020
2.083600 1.603053
2.089400 1.607104
2.095200 1.611172
2.101000 1.615258
2.106800 1.619362
2.112600 1.623484
2.118400 1.627624
2.124200 1.631782
2.130000 1.635960
2.135800 1.640155
2.141600 1.644370
2.147400 1.648603
2.153200 1.652856
2.159000 1.657128
2.164800 1.661419
2.170600 1.665731
2.176400 1.670061
2.182200 1.674412
2.188000 1.678783
2.193800 1.683174
2.199600 1.687585
2.205400 1.692017
2.211200 1.696470
2.217000 1.700944
2.222800 1.705438
2.228600 1.709954
2.234400 1.714491
2.240200 1.719050
2.246000 1.723630
2.251800 1.728232
2.257600 1.732856
2.263400 1.737503
2.269200 1.742171
2.275000 1.746862
2.280800 1.751576
2.286600 1.756312
2.292400 1.761072
2.298200 1.765855
2.304000 1.770661
2.309800 1.775490
2.315600 1.780343
2.321400 1.785220
2.327200 1.790121
2.333000 1.795045
2.338800 1.799995
2.344600 1.804968
2.350400 1.809967
2.356200 1.814990
2.362000 1.820038
2.367800 1.825111
2.373600 1.830210
2.379400 1.835334
2.385200 1.840483
2.391000 1.845659
2.396800 1.850860
2.402600 1.856088
2.408400 1.861342
2.414200 1.866623
2.420000 1.871930
2.425800 1.877264
2.431600 1.882625
2.437400 1.888013
2.443200 1.893429
2.449000 1.898872
2.454800 1.904343
2.460600 1.909842
2.466400 1.915369
2.472200 1.920924
2.478000 1.926508
2.483800 1.932120
2.489600 1.937761
2.495400 1.943431
2.501200 1.949131
2.507000 1.954859
2.512800 1.960617
2.518600 1.966405
2.524400 1.972223
2.530200 1.978071
2.536000 1.983949
2.541800 1.989857
2.547600 1.995796
2.553400 2.001766
2.559200 2.007767
2.565000 2.013800
2.570800 2.019863
2.576600 2.025958
2.582400 2.032085
2.588200 2.038244
2.594000 2.044435
2.599800 2.050658
2.605600 2.056914
2.611400 2.063202
2.617200 2.069524
2.623000 2.075878
2.628800 2.082266
2.634600 2.088687
2.640400 2.095142
2.646200 2.101631
2.652000 2.108154
2.657800 2.114711
2.663600 2.121303
2.669400 2.127929
2.675200 2.134590
2.681000 2.141286
2.686800 2.148018
2.692600 2.154785
2.698400 2.161587
2.704200 2.168426
2.710000 2.175300
2.715800 2.182211
2.721600 2.189159
2.727400 2.196143
2.733200 2.203164
2.739000 2.210222
2.744800 2.217317
2.750600 2.224450
2.756400 2.231620
2.762200 2.238829
2.768000 2.246076
2.773800 2.253361
2.779600 2.260684
2.785400 2.268047
2.791200 2.275448
2.797000 2.282889
2.802800 2.290369
2.808600 2.297889
2.814400 2.305448
2.820200 2.313048
2.826000 2.320688
2.831800 2.328369
2.837600 2.336090
2.843400 2.343853
2.849200 2.351656
2.855000 2.359501
2.860800 2.367388
2.866600 2.375317
2.872400 2.383287
2.878200 2.391300
2.884000 2.399356
2.889800 2.407454
2.895600 2.415596
2.901400 2.423780
2.907200 2.432009
2.913000 2.440280
2.918800 2.448596
2.924600 2.456956
2.930400 2.465361
2.936200 2.473810
2.942000 2.482304
2.947800 2.490844
2.953600 2.499428
2.959400 2.508059
2.965200 2.516735
2.971000 2.525457
2.976800 2.534226
2.982600 2.543041
2.988400 2.551904
2.994200 2.560813
3.000000 2.569770


# ПЕРВАЯ ПРОИЗВОДНАЯ
0.100000 -0.715162
0.105800 -0.707459
0.111600 -0.699625
0.117400 -0.691663
0.123200 -0.683579
0.129000 -0.675378
0.134800 -0.667064
0.140600 -0.658641
0.146400 -0.650114
0.152200 -0.641488
0.158000 -0.632767
0.163800 -0.623954
0.169600 -0.615055
0.175400 -0.606073
0.181200 -0.597013
0.187000 -0.587878
0.192800 -0.578672
0.198600 -0.569399
0.204400 -0.560064
0.210200 -0.550669
0.216000 -0.541218
0.221800 -0.531715
0.227600 -0.522163
0.233400 -0.512567
0.239200 -0.502928
0.245000 -0.493251
0.250800 -0.483539
0.256600 -0.473795
0.262400 -0.464023
0.268200 -0.454224
0.274000 -0.444403
0.279800 -0.434563
0.285600 -0.424706
0.291400 -0.414835
0.297200 -0.404953
0.303000 -0.395063
0.308800 -0.385168
0.314600 -0.375270
0.320400 -0.365372
0.326200 -0.355477
0.332000 -0.345587
0.337800 -0.335704
0.343600 -0.325831
0.349400 -0.315971
0.355200 -0.306125
0.361000 -0.296297
0.366800 -0.286488
0.372600 -0.276700
0.378400 -0.266937
0.384200 -0.257199
0.390000 -0.247489
0.395800 -0.237809
0.401600 -0.228161
0.407400 -0.218547
0.413200 -0.208969
0.419000 -0.199429
0.424800 -0.189928
0.430600 -0.180469
0.436400 -0.171053
0.442200 -0.161681
0.448000 -0.152356
0.453800 -0.143080
0.459600 -0.133853
0.465400 -0.124677
0.471200 -0.115554
0.477000 -0.106486
0.482800 -0.097473
0.488600 -0.088517
0.494400 -0.079620
0.500200 -0.070783
0.506000 -0.062006
0.511800 -0.053292
0.517600 -0.044642
0.523400 -0.036056
0.529200 -0.027537
0.535000 -0.019084
0.540800 -0.010699
0.546600 -0.002383
0.552400 0.005862
0.558200 0.014037
0.564000 0.022140
0.569800 0.030170
0.575600 0.038127
0.581400 0.046009
0.587200 0.053816
0.593000 0.061547
0.598800 0.069201
0.604600 0.076778
0.610400 0.084278
0.616200 0.091699
0.622000 0.099040
0.627800 0.106303
0.633600 0.113485
0.639400 0.120587
0.645200 0.127608
0.651000 0.134548
0.656800 0.141406
0.662600 0.148182
0.668400 0.154877
0.674200 0.161488
0.680000 0.168017
0.685800 0.174464
0.691600 0.180827
0.697400 0.187107
0.703200 0.193305
0.709000 0.199419
0.714800 0.205450
0.720600 0.211397
0.726400 0.217262
0.732200 0.223043
0.738000 0.228742
0.743800 0.234358
0.749600 0.239891
0.755400 0.245342
0.761200 0.250710
0.767000 0.255997
0.772800 0.261201
0.778600 0.266325
0.784400 0.271367
0.790200 0.276329
0.796000 0.281210
0.801800 0.286012
0.807600 0.290734
0.813400 0.295377
0.819200 0.299942
0.825000 0.304428
0.830800 0.308837
0.836600 0.313169
0.842400 0.317425
0.848200 0.321605
0.854000 0.325710
0.859800 0.329740
0.865600 0.333696
0.871400 0.337579
0.877200 0.341390
0.883000 0.345129
0.888800 0.348797
0.894600 0.352394
0.900400 0.355922
0.906200 0.359380
0.912000 0.362771
0.917800 0.366095
0.923600 0.369352
0.929400 0.372543
0.935200 0.375670
0.941000 0.378732
0.946800 0.381732
0.952600 0.384669
0.958400 0.387545
0.964200 0.390361
0.970000 0.393117
0.975800 0.395814
0.981600 0.398453
0.987400 0.401036
0.993200 0.403562
0.999000 0.406034
1.004800 0.408452
1.010600 0.410816
1.016400 0.413128
1.022200 0.415389
1.028000 0.417600
1.033800 0.419761
1.039600 0.421874
1.045400 0.423940
1.051200 0.425959
1.057000 0.427932
1.062800 0.429861
1.068600 0.431747
1.074400 0.433589
1.080200 0.435390
1.086000 0.437150
1.091800 0.438871
1.097600 0.440552
1.103400 0.442196
1.109200 0.443803
1.115000 0.445373
1.120800 0.446909
1.126600 0.448410
1.132400 0.449879
1.138200 0.451315
1.144000 0.452719
1.149800 0.454094
1.155600 0.455438
1.161400 0.456754
1.167200 0.458043
1.173000 0.459304
1.178800 0.460539
1.184600 0.461750
1.190400 0.462936
1.196200 0.464099
1.202000 0.465239
1.207800 0.466358
1.213600 0.467455
1.219400 0.468533
1.225200 0.469592
1.231000 0.470632
1.236800 0.471655
1.242600 0.472661
1.248400 0.473652
1.254200 0.474627
1.260000 0.475587
1.265800 0.476534
1.271600 0.477468
1.277400 0.478391
1.283200 0.479301
1.289000 0.480201
1.294800 0.481091
1.300600 0.481972
1.306400 0.482845
1.312200 0.483709
1.318000 0.484567
1.323800 0.485418
1.329600 0.486263
1.335400 0.487103
1.341200 0.487938
1.347000 0.488769
1.352800 0.489598
1.358600 0.490423
1.364400 0.491247
1.370200 0.492069
1.376000 0.492890
1.381800 0.493711
1.387600 0.494533
1.393400 0.495355
1.399200 0.496178
1.405000 0.497004
1.410800 0.497832
1.416600 0.498663
1.422400 0.499497
1.428200 0.500335
1.434000 0.501178
1.439800 0.502026
1.445600 0.502880
1.451400 0.503739
1.457200 0.504605
1.463000 0.505477
1.468800 0.506357
1.474600 0.507245
1.480400 0.508140
1.486200 0.509045
1.492000 0.509958
1.497800 0.510881
1.503600 0.511813
1.509400 0.512756
1.515200 0.513709
1.521000 0.514673
1.526800 0.515648
1.532600 0.516635
1.538400 0.517634
1.544200 0.518646
1.550000 0.519670
1.555800 0.520707
1.561600 0.521757
1.567400 0.522821
1.573200 0.523899
1.579000 0.524991
1.584800 0.526098
1.590600 0.527220
1.596400 0.528357
1.602200 0.529509
1.608000 0.530677
1.613800 0.531860
1.619600 0.533060
1.625400 0.534277
1.631200 0.535510
1.637000 0.536760
1.642800 0.538027
1.648600 0.539312
1.654400 0.540614
1.660200 0.541935
1.666000 0.543273
1.671800 0.544630
1.677600 0.546005
1.683400 0.547398
1.689200 0.548811
1.695000 0.550243
1.700800 0.551694
1.706600 0.553165
1.712400 0.554655
1.718200 0.556165
1.724000 0.557695
1.729800 0.559246
1.735600 0.560816
1.741400 0.562407
1.747200 0.564019
1.753000 0.565652
1.758800 0.567306
1.764600 0.568980
1.770400 0.570676
1.776200 0.572394
1.782000 0.574133
1.787800 0.575893
1.793600 0.577676
1.799400 0.579480
1.805200 0.581307
1.811000 0.583156
1.816800 0.585027
1.822600 0.586920
1.828400 0.588836
1.834200 0.590775
1.840000 0.592736
1.845800 0.594720
1.851600 0.596727
1.857400 0.598758
1.863200 0.600811
1.869000 0.602888
1.874800 0.604988
1.880600 0.607112
1.886400 0.609260
1.892200 0.611430
1.898000 0.613625
1.903800 0.615844
1.909600 0.618086
1.915400 0.620353
1.921200 0.622644
1.927000 0.624959
1.932800 0.627298
1.938600 0.629661
1.944400 0.632049
1.950200 0.634462
1.956000 0.636899
1.961800 0.639360
1.967600 0.641847
1.973400 0.644358
1.979200 0.646894
1.985000 0.649455
1.990800 0.652042
1.996600 0.654653
2.002400 0.657289
2.008200 0.659951
2.014000 0.662638
2.019800 0.665350
2.025600 0.668088
2.031400 0.670851
2.037200 0.673640
2.043000 0.676455
2.048800 0.679295
2.054600 0.682161
2.060400 0.685052
2.066200 0.687970
2.072000 0.690913
2.077800 0.693883
2.083600 0.696879
2.089400 0.699900
2.095200 0.702948
2.101000 0.706022
2.106800 0.709123
2.112600 0.712250
2.118400 0.715403
2.124200 0.718583
2.130000 0.721789
2.135800 0.725022
2.141600 0.728282
2.147400 0.731568
2.153200 0.734881
2.159000 0.738221
2.164800 0.741588
2.170600 0.744982
2.176400 0.748403
2.182200 0.751851
2.188000 0.755326
2.193800 0.758828
2.199600 0.762358
2.205400 0.765915
2.211200 0.769499
2.217000 0.773111
2.222800 0.776751
2.228600 0.780418
2.234400 0.784112
2.240200 0.787834
2.246000 0.791585
2.251800 0.795363
2.257600 0.799168
2.263400 0.803002
2.269200 0.806864
2.275000 0.810754
2.280800 0.814672
2.286600 0.818619
2.292400 0.822593
2.298200 0.826596
2.304000 0.830628
2.309800 0.834688
2.315600 0.838777
2.321400 0.842894
2.327200 0.847040
2.333000 0.851215
2.338800 0.855418
2.344600 0.859651
2.350400 0.863912
2.356200 0.868203
2.362000 0.872523
2.367800 0.876872
2.373600 0.881251
2.379400 0.885658
2.385200 0.890096
2.391000 0.894562
2.396800 0.899059
2.402600 0.903585
2.408400 0.908141
2.414200 0.912727
2.420000 0.917343
2.425800 0.921989
2.431600 0.926664
2.437400 0.931371
2.443200 0.936107
2.449000 0.940874
2.454800 0.945671
2.460600 0.950499
2.466400 0.955357
2.472200 0.960247
2.478000 0.965167
2.483800 0.970118
2.489600 0.975099
2.495400 0.980112
2.501200 0.985157
2.507000 0.990232
2.512800 0.995339
2.518600 1.000477
2.524400 1.005647
2.530200 1.010849
2.536000 1.016082
2.541800 1.021348
2.547600 1.026645
2.553400 1.031974
2.559200 1.037335
2.565000 1.042729
2.570800 1.048155
2.576600 1.053614
2.582400 1.059105
2.588200 1.064629
2.594000 1.070186
2.599800 1.075776
2.605600 1.081398
2.611400 1.087054
2.617200 1.092743
2.623000 1.098466
2.628800 1.104222
2.634600 1.110012
2.640400 1.115835
2.646200 1.121692
2.652000 1.127583
2.657800 1.133508
2.663600 1.139468
2.669400 1.145462
2.675200 1.151490
2.681000 1.157553
2.686800 1.163650
2.692600 1.169782
2.698400 1.175950
2.704200 1.182152
2.710000 1.188390
2.715800 1.194663
2.721600 1.200971
2.727400 1.207315
2.733200 1.213695
2.739000 1.220110
2.744800 1.226562
2.750600 1.233050
2.756400 1.239574
2.762200 1.246134
2.768000 1.252731
2.773800 1.259365
2.779600 1.266036
2.785400 1.272743
2.791200 1.279488
2.797000 1.286270
2.802800 1.293090
2.808600 1.299947
2.814400 1.306841
2.820200 1.313774
2.826000 1.320745
2.831800 1.327754
2.837600 1.334801
2.843400 1.341887
2.849200 1.349011
2.855000 1.356174
2.860800 1.363377
2.866600 1.370618
2.872400 1.377899
2.878200 1.385219
2.884000 1.392579
2.889800 1.399978
2.895600 1.407418
2.901400 1.414897
2.907200 1.422417
2.913000 1.429978
2.918800 1.437579
2.924600 1.445221
2.930400 1.452903
2.936200 1.460627
2.942000 1.468393
2.947800 1.476200
2.953600 1.484048
2.959400 1.491938
2.965200 1.499871
2.971000 1.507846
2.976800 1.515863
2.982600 1.523922
2.988400 1.532025
2.994200 1.540171
3.000000 1.548359


# ВТОРАЯ ПРОИЗВОДНАЯ
0.100000 1.316366
0.105800 1.339535
0.111600 1.361859
0.117400 1.383353
0.123200 1.404030
0.129000 1.423903
0.134800 1.442984
0.140600 1.461288
0.146400 1.478826
0.152200 1.495612
0.158000 1.511658
0.163800 1.526976
0.169600 1.541578
0.175400 1.555476
0.181200 1.568683
0.187000 1.581210
0.192800 1.593069
0.198600 1.604270
0.204400 1.614826
0.210200 1.624748
0.216000 1.634046
0.221800 1.642731
0.227600 1.650814
0.233400 1.658305
0.239200 1.665216
0.245000 1.671555
0.250800 1.677333
0.256600 1.682561
0.262400 1.687247
0.268200 1.691401
0.274000 1.695034
0.279800 1.698153
0.285600 1.700769
0.291400 1.702891
0.297200 1.704528
0.303000 1.705688
0.308800 1.706380
0.314600 1.706613
0.320400 1.706395
0.326200 1.705735
0.332000 1.704641
0.337800 1.703122
0.343600 1.701185
0.349400 1.698838
0.355200 1.696089
0.361000 1.692947
0.366800 1.689418
0.372600 1.685511
0.378400 1.681233
0.384200 1.676592
0.390000 1.671594
0.395800 1.666248
0.401600 1.660560
0.407400 1.654539
0.413200 1.648190
0.419000 1.641522
0.424800 1.634541
0.430600 1.627254
0.436400 1.619668
0.442200 1.611790
0.448000 1.603628
0.453800 1.595187
0.459600 1.586474
0.465400 1.577497
0.471200 1.568263
0.477000 1.558776
0.482800 1.549046
0.488600 1.539077
0.494400 1.528877
0.500200 1.518452
0.506000 1.507809
0.511800 1.496954
0.517600 1.485894
0.523400 1.474636
0.529200 1.463185
0.535000 1.451548
0.540800 1.439731
0.546600 1.427742
0.552400 1.415586
0.558200 1.403269
0.564000 1.390799
0.569800 1.378181
0.575600 1.365421
0.581400 1.352526
0.587200 1.339502
0.593000 1.326356
0.598800 1.313093
0.604600 1.299720
0.610400 1.286242
0.616200 1.272666
0.622000 1.258999
0.627800 1.245245
0.633600 1.231412
0.639400 1.217504
0.645200 1.203529
0.651000 1.189491
0.656800 1.175397
0.662600 1.161253
0.668400 1.147064
0.674200 1.132837
0.680000 1.118577
0.685800 1.104289
0.691600 1.089979
0.697400 1.075653
0.703200 1.061316
0.709000 1.046974
0.714800 1.032632
0.720600 1.018296
0.726400 1.003970
0.732200 0.989661
0.738000 0.975372
0.743800 0.961110
0.749600 0.946878
0.755400 0.932683
0.761200 0.918529
0.767000 0.904420
0.772800 0.890362
0.778600 0.876359
0.784400 0.862415
0.790200 0.848536
0.796000 0.834725
0.801800 0.820987
0.807600 0.807325
0.813400 0.793745
0.819200 0.780250
0.825000 0.766843
0.830800 0.753530
0.836600 0.740313
0.842400 0.727196
0.848200 0.714183
0.854000 0.701277
0.859800 0.688481
0.865600 0.675799
0.871400 0.663235
0.877200 0.650790
0.883000 0.638468
0.888800 0.626271
0.894600 0.614203
0.900400 0.602266
0.906200 0.590463
0.912000 0.578796
0.917800 0.567267
0.923600 0.555879
0.929400 0.544634
0.935200 0.533533
0.941000 0.522579
0.946800 0.511773
0.952600 0.501118
0.958400 0.490614
0.964200 0.480264
0.970000 0.470069
0.975800 0.460029
0.981600 0.450147
0.987400 0.440424
0.993200 0.430860
0.999000 0.421456
1.004800 0.412213
1.010600 0.403133
1.016400 0.394215
1.022200 0.385461
1.028000 0.376871
1.033800 0.368444
1.039600 0.360182
1.045400 0.352085
1.051200 0.344153
1.057000 0.336386
1.062800 0.328784
1.068600 0.321348
1.074400 0.314075
1.080200 0.306968
1.086000 0.300025
1.091800 0.293246
1.097600 0.286631
1.103400 0.280178
1.109200 0.273889
1.115000 0.267761
1.120800 0.261795
1.126600 0.255989
1.132400 0.250343
1.138200 0.244856
1.144000 0.239527
1.149800 0.234356
1.155600 0.229341
1.161400 0.224481
1.167200 0.219775
1.173000 0.215222
1.178800 0.210821
1.184600 0.206571
1.190400 0.202470
1.196200 0.198518
1.202000 0.194712
1.207800 0.191052
1.213600 0.187536
1.219400 0.184164
1.225200 0.180933
1.231000 0.177841
1.236800 0.174889
1.242600 0.172073
1.248400 0.169393
1.254200 0.166848
1.260000 0.164435
1.265800 0.162153
1.271600 0.160000
1.277400 0.157975
1.283200 0.156077
1.289000 0.154303
1.294800 0.152652
1.300600 0.151123
1.306400 0.149714
1.312200 0.148423
1.318000 0.147249
1.323800 0.146189
1.329600 0.145243
1.335400 0.144409
1.341200 0.143685
1.347000 0.143069
1.352800 0.142560
1.358600 0.142156
1.364400 0.141856
1.370200 0.141657
1.376000 0.141559
1.381800 0.141560
1.387600 0.141658
1.393400 0.141851
1.399200 0.142139
1.405000 0.142518
1.410800 0.142989
1.416600 0.143548
1.422400 0.144196
1.428200 0.144929
1.434000 0.145747
1.439800 0.146649
1.445600 0.147632
1.451400 0.148695
1.457200 0.149837
1.463000 0.151056
1.468800 0.152351
1.474600 0.153720
1.480400 0.155162
1.486200 0.156676
1.492000 0.158260
1.497800 0.159913
1.503600 0.161633
1.509400 0.163420
1.515200 0.165271
1.521000 0.167186
1.526800 0.169164
1.532600 0.171202
1.538400 0.173300
1.544200 0.175457
1.550000 0.177671
1.555800 0.179942
1.561600 0.182267
1.567400 0.184646
1.573200 0.187078
1.579000 0.189562
1.584800 0.192097
1.590600 0.194680
1.596400 0.197312
1.602200 0.199992
1.608000 0.202718
1.613800 0.205489
1.619600 0.208305
1.625400 0.211164
1.631200 0.214065
1.637000 0.217008
1.642800 0.219992
1.648600 0.223015
1.654400 0.226077
1.660200 0.229177
1.666000 0.232314
1.671800 0.235487
1.677600 0.238696
1.683400 0.241940
1.689200 0.245217
1.695000 0.248527
1.700800 0.251870
1.706600 0.255245
1.712400 0.258650
1.718200 0.262086
1.724000 0.265551
1.729800 0.269045
1.735600 0.272567
1.741400 0.276117
1.747200 0.279694
1.753000 0.283297
1.758800 0.286926
1.764600 0.290581
1.770400 0.294260
1.776200 0.297962
1.782000 0.301689
1.787800 0.305439
1.793600 0.309211
1.799400 0.313005
1.805200 0.316820
1.811000 0.320657
1.816800 0.324515
1.822600 0.328392
1.828400 0.332289
1.834200 0.336206
1.840000 0.340142
1.845800 0.344096
1.851600 0.348068
1.857400 0.352058
1.863200 0.356066
1.869000 0.360091
1.874800 0.364132
1.880600 0.368190
1.886400 0.372264
1.892200 0.376354
1.898000 0.380459
1.903800 0.384579
1.909600 0.388715
1.915400 0.392865
1.921200 0.397030
1.927000 0.401208
1.932800 0.405401
1.938600 0.409608
1.944400 0.413828
1.950200 0.418061
1.956000 0.422307
1.961800 0.426567
1.967600 0.430839
1.973400 0.435123
1.979200 0.439420
1.985000 0.443729
1.990800 0.448051
1.996600 0.452384
2.002400 0.456729
2.008200 0.461085
2.014000 0.465454
2.019800 0.469833
2.025600 0.474224
2.031400 0.478626
2.037200 0.483039
2.043000 0.487464
2.048800 0.491899
2.054600 0.496345
2.060400 0.500802
2.066200 0.505269
2.072000 0.509748
2.077800 0.514236
2.083600 0.518736
2.089400 0.523246
2.095200 0.527766
2.101000 0.532297
2.106800 0.536838
2.112600 0.541390
2.118400 0.545952
2.124200 0.550525
2.130000 0.555108
2.135800 0.559701
2.141600 0.564304
2.147400 0.568918
2.153200 0.573543
2.159000 0.578177
2.164800 0.582823
2.170600 0.587478
2.176400 0.592144
2.182200 0.596821
2.188000 0.601508
2.193800 0.606206
2.199600 0.610914
2.205400 0.615633
2.211200 0.620362
2.217000 0.625103
2.222800 0.629854
2.228600 0.634616
2.234400 0.639389
2.240200 0.644173
2.246000 0.648968
2.251800 0.653774
2.257600 0.658592
2.263400 0.663421
2.269200 0.668261
2.275000 0.673112
2.280800 0.677975
2.286600 0.682850
2.292400 0.687736
2.298200 0.692635
2.304000 0.697545
2.309800 0.702467
2.315600 0.707401
2.321400 0.712347
2.327200 0.717306
2.333000 0.722277
2.338800 0.727261
2.344600 0.732257
2.350400 0.737266
2.356200 0.742288
2.362000 0.747323
2.367800 0.752371
2.373600 0.757432
2.379400 0.762507
2.385200 0.767594
2.391000 0.772696
2.396800 0.777811
2.402600 0.782940
2.408400 0.788083
2.414200 0.793241
2.420000 0.798412
2.425800 0.803598
2.431600 0.808798
2.437400 0.814013
2.443200 0.819243
2.449000 0.824487
2.454800 0.829747
2.460600 0.835022
2.466400 0.840312
2.472200 0.845618
2.478000 0.850940
2.483800 0.856277
2.489600 0.861630
2.495400 0.867000
2.501200 0.872385
2.507000 0.877787
2.512800 0.883206
2.518600 0.888642
2.524400 0.894094
2.530200 0.899563
2.536000 0.905050
2.541800 0.910554
2.547600 0.916075
2.553400 0.921614
2.559200 0.927171
2.565000 0.932746
2.570800 0.938340
2.576600 0.943951
2.582400 0.949581
2.588200 0.955230
2.594000 0.960898
2.599800 0.966585
2.605600 0.972290
2.611400 0.978016
2.617200 0.983761
2.623000 0.989525
2.628800 0.995310
2.634600 1.001115
2.640400 1.006939
2.646200 1.012785
2.652000 1.018651
2.657800 1.024538
2.663600 1.030445
2.669400 1.036374
2.675200 1.042324
2.681000 1.048296
2.686800 1.054290
2.692600 1.060305
2.698400 1.066343
2.704200 1.072402
2.710000 1.078485
2.715800 1.084589
2.721600 1.090717
2.727400 1.096868
2.733200 1.103042
2.739000 1.109239
2.744800 1.115460
2.750600 1.121705
2.756400 1.127973
2.762200 1.134266
2.768000 1.140583
2.773800 1.146925
2.779600 1.153292
2.785400 1.159683
2.791200 1.166100
2.797000 1.172542
2.802800 1.179009
2.808600 1.185502
2.814400 1.192022
2.820200 1.198567
2.826000 1.205139
2.831800 1.211737
2.837600 1.218362
2.843400 1.225014
2.849200 1.231693
2.855000 1.238400
2.860800 1.245134
2.866600 1.251895
2.872400 1.258685
2.878200 1.265503
2.884000 1.272350
2.889800 1.279225
2.895600 1.286129
2.901400 1.293062
2.907200 1.300024
2.913000 1.307015
2.918800 1.314037
2.924600 1.321088
2.930400 1.328169
2.936200 1.335281
2.942000 1.342423
2.947800 1.349596
2.953600 1.356800
2.959400 1.364035
2.965200 1.371301
2.971000 1.378599
2.976800 1.385929
2.982600 1.393291
2.988400 1.400685
2.994200 1.408112
3.000000 1.415572
