# АНАЛИТИЧЕСКАЯ ПЕРВАЯ ПРОИЗВОДНАЯ
0.100000 -0.715162
0.110000 -0.701799
0.120000 -0.688054
0.130000 -0.673952
0.140000 -0.659517
0.150000 -0.644771
0.160000 -0.629738
0.170000 -0.614438
0.180000 -0.598894
0.190000 -0.583125
0.200000 -0.567152
0.210000 -0.550994
0.220000 -0.534670
0.230000 -0.518198
0.240000 -0.501596
0.250000 -0.484881
0.260000 -0.468070
0.270000 -0.451179
0.280000 -0.434223
0.290000 -0.417219
0.300000 -0.400180
0.310000 -0.383120
0.320000 -0.366055
0.330000 -0.348996
0.340000 -0.331958
0.350000 -0.314952
0.360000 -0.297990
0.370000 -0.281085
0.380000 -0.264248
0.390000 -0.247489
0.400000 -0.230819
0.410000 -0.214249
0.420000 -0.197788
0.430000 -0.181445
0.440000 -0.165230
0.450000 -0.149152
0.460000 -0.133218
0.470000 -0.117437
0.480000 -0.101817
0.490000 -0.086364
0.500000 -0.071086
0.510000 -0.055990
0.520000 -0.041082
0.530000 -0.026367
0.540000 -0.011852
0.550000 0.002459
0.560000 0.016560
0.570000 0.030446
0.580000 0.044113
0.590000 0.057557
0.600000 0.070775
0.610000 0.083763
0.620000 0.096518
0.630000 0.109037
0.640000 0.121317
0.650000 0.133357
0.660000 0.145155
0.670000 0.156709
0.680000 0.168017
0.690000 0.179080
0.700000 0.189896
0.710000 0.200464
0.720000 0.210786
0.730000 0.220860
0.740000 0.230688
0.750000 0.240269
0.760000 0.249606
0.770000 0.258699
0.780000 0.267549
0.790000 0.276159
0.800000 0.284530
0.810000 0.292665
0.820000 0.300565
0.830000 0.308234
0.840000 0.315673
0.850000 0.322887
0.860000 0.329878
0.870000 0.336649
0.880000 0.343204
0.890000 0.349547
0.900000 0.355680
0.910000 0.361610
0.920000 0.367338
0.930000 0.372870
0.940000 0.378209
0.950000 0.383360
0.960000 0.388328
0.970000 0.393117
0.980000 0.397731
0.990000 0.402175
1.000000 0.406455
1.010000 0.410574
1.020000 0.414538
1.030000 0.418351
1.040000 0.422018
1.050000 0.425545
1.060000 0.428936
1.070000 0.432195
1.080000 0.435329
1.090000 0.438341
1.100000 0.441237
1.110000 0.444021
1.120000 0.446699
1.130000 0.449275
1.140000 0.451754
1.150000 0.454140
1.160000 0.456439
1.170000 0.458655
1.180000 0.460792
1.190000 0.462855
1.200000 0.464848
1.210000 0.466776
1.220000 0.468644
1.230000 0.470454
1.240000 0.472212
1.250000 0.473922
1.260000 0.475587
1.270000 0.477212
1.280000 0.478800
1.290000 0.480355
1.300000 0.481882
1.310000 0.483382
1.320000 0.484861
1.330000 0.486321
1.340000 0.487765
1.350000 0.489198
1.360000 0.490622
1.370000 0.492041
1.380000 0.493457
1.390000 0.494873
1.400000 0.496292
1.410000 0.497717
1.420000 0.499151
1.430000 0.500597
1.440000 0.502056
1.450000 0.503531
1.460000 0.505025
1.470000 0.506540
1.480000 0.508078
1.490000 0.509642
1.500000 0.511233
1.510000 0.512854
1.520000 0.514506
1.530000 0.516191
1.540000 0.517912
1.550000 0.519670
1.560000 0.521466
1.570000 0.523303
1.580000 0.525181
1.590000 0.527103
1.600000 0.529070
1.610000 0.531083
1.620000 0.533144
1.630000 0.535253
1.640000 0.537413
1.650000 0.539625
1.660000 0.541889
1.670000 0.544207
1.680000 0.546579
1.690000 0.549008
1.700000 0.551493
1.710000 0.554036
1.720000 0.556638
1.730000 0.559299
1.740000 0.562022
1.750000 0.564805
1.760000 0.567650
1.770000 0.570559
1.780000 0.573531
1.790000 0.576567
1.800000 0.579668
1.810000 0.582835
1.820000 0.586068
1.830000 0.589368
1.840000 0.592736
1.850000 0.596171
1.860000 0.599676
1.870000 0.603249
1.880000 0.606891
1.890000 0.610604
1.900000 0.614388
1.910000 0.618242
1.920000 0.622168
1.930000 0.626165
1.940000 0.630235
1.950000 0.634378
1.960000 0.638594
1.970000 0.642883
1.980000 0.647246
1.990000 0.651683
2.000000 0.656195
2.010000 0.660782
2.020000 0.665444
2.030000 0.670182
2.040000 0.674996
2.050000 0.679886
2.060000 0.684852
2.070000 0.689896
2.080000 0.695016
2.090000 0.700214
2.100000 0.705491
2.110000 0.710845
2.120000 0.716278
2.130000 0.721789
2.140000 0.727380
2.150000 0.733050
2.160000 0.738800
2.170000 0.744630
2.180000 0.750540
2.190000 0.756531
2.200000 0.762602
2.210000 0.768756
2.220000 0.774990
2.230000 0.781307
2.240000 0.787706
2.250000 0.794187
2.260000 0.800751
2.270000 0.807399
2.280000 0.814130
2.290000 0.820945
2.300000 0.827844
2.310000 0.834828
2.320000 0.841897
2.330000 0.849052
2.340000 0.856292
2.350000 0.863618
2.360000 0.871030
2.370000 0.878529
2.380000 0.886116
2.390000 0.893790
2.400000 0.901552
2.410000 0.909403
2.420000 0.917343
2.430000 0.925372
2.440000 0.933490
2.450000 0.941699
2.460000 0.949998
2.470000 0.958388
2.480000 0.966870
2.490000 0.975444
2.500000 0.984110
2.510000 0.992870
2.520000 1.001722
2.530000 1.010669
2.540000 1.019710
2.550000 1.028846
2.560000 1.038078
2.570000 1.047405
2.580000 1.056829
2.590000 1.066350
2.600000 1.075969
2.610000 1.085686
2.620000 1.095502
2.630000 1.105417
2.640000 1.115432
2.650000 1.125548
2.660000 1.135765
2.670000 1.146084
2.680000 1.156505
2.690000 1.167029
2.700000 1.177657
2.710000 1.188390
2.720000 1.199227
2.730000 1.210170
2.740000 1.221220
2.750000 1.232377
2.760000 1.243641
2.770000 1.255015
2.780000 1.266497
2.790000 1.278089
2.800000 1.289793
2.810000 1.301607
2.820000 1.313534
2.830000 1.325574
2.840000 1.337728
2.850000 1.349997
2.860000 1.362381
2.870000 1.374881
2.880000 1.387499
2.890000 1.400234
2.900000 1.413088
2.910000 1.426062
2.920000 1.439156
2.930000 1.452372
2.940000 1.465710
2.950000 1.479172
2.960000 1.492757
2.970000 1.506468
2.980000 1.520304
2.990000 1.534268
3.000000 1.548359


# ПРАВАЯ РАЗНОСТЬ
0.110000 -0.589013
0.120000 -0.573324
0.130000 -0.557436
0.140000 -0.541366
0.150000 -0.525135
0.160000 -0.508760
0.170000 -0.492259
0.180000 -0.475648
0.190000 -0.458944
0.200000 -0.442164
0.210000 -0.425323
0.220000 -0.408435
0.230000 -0.391516
0.240000 -0.374580
0.250000 -0.357640
0.260000 -0.340710
0.270000 -0.323801
0.280000 -0.306928
0.290000 -0.290102
0.300000 -0.273334
0.310000 -0.256635
0.320000 -0.240017
0.330000 -0.223489
0.340000 -0.207063
0.350000 -0.190747
0.360000 -0.174551
0.370000 -0.158483
0.380000 -0.142553
0.390000 -0.126768
0.400000 -0.111137
0.410000 -0.095667
0.420000 -0.080365
0.430000 -0.065238
0.440000 -0.050293
0.450000 -0.035535
0.460000 -0.020971
0.470000 -0.006606
0.480000 0.007555
0.490000 0.021506
0.500000 0.035244
0.510000 0.048764
0.520000 0.062062
0.530000 0.075135
0.540000 0.087979
0.550000 0.100592
0.560000 0.112970
0.570000 0.125112
0.580000 0.137015
0.590000 0.148677
0.600000 0.160098
0.610000 0.171276
0.620000 0.182210
0.630000 0.192900
0.640000 0.203345
0.650000 0.213546
0.660000 0.223502
0.670000 0.233214
0.680000 0.242683
0.690000 0.251910
0.700000 0.260896
0.710000 0.269643
0.720000 0.278152
0.730000 0.286425
0.740000 0.294465
0.750000 0.302274
0.760000 0.309854
0.770000 0.317208
0.780000 0.324340
0.790000 0.331252
0.800000 0.337948
0.810000 0.344431
0.820000 0.350704
0.830000 0.356772
0.840000 0.362638
0.850000 0.368307
0.860000 0.373782
0.870000 0.379068
0.880000 0.384169
0.890000 0.389089
0.900000 0.393833
0.910000 0.398406
0.920000 0.402812
0.930000 0.407055
0.940000 0.411141
0.950000 0.415074
0.960000 0.418860
0.970000 0.422502
0.980000 0.426006
0.990000 0.429376
1.000000 0.432618
1.010000 0.435736
1.020000 0.438735
1.030000 0.441620
1.040000 0.444395
1.050000 0.447066
1.060000 0.449637
1.070000 0.452113
1.080000 0.454498
1.090000 0.456798
1.100000 0.459016
1.110000 0.461157
1.120000 0.463226
1.130000 0.465227
1.140000 0.467164
1.150000 0.469042
1.160000 0.470865
1.170000 0.472636
1.180000 0.474360
1.190000 0.476041
1.200000 0.477683
1.210000 0.479289
1.220000 0.480863
1.230000 0.482410
1.240000 0.483932
1.250000 0.485432
1.260000 0.486915
1.270000 0.488384
1.280000 0.489842
1.290000 0.491291
1.300000 0.492736
1.310000 0.494179
1.320000 0.495623
1.330000 0.497070
1.340000 0.498525
1.350000 0.499988
1.360000 0.501464
1.370000 0.502953
1.380000 0.504460
1.390000 0.505985
1.400000 0.507532
1.410000 0.509103
1.420000 0.510700
1.430000 0.512324
1.440000 0.513978
1.450000 0.515664
1.460000 0.517384
1.470000 0.519139
1.480000 0.520932
1.490000 0.522763
1.500000 0.524635
1.510000 0.526549
1.520000 0.528507
1.530000 0.530510
1.540000 0.532559
1.550000 0.534656
1.560000 0.536803
1.570000 0.538999
1.580000 0.541248
1.590000 0.543549
1.600000 0.545904
1.610000 0.548314
1.620000 0.550780
1.630000 0.553303
1.640000 0.555884
1.650000 0.558524
1.660000 0.561223
1.670000 0.563983
1.680000 0.566805
1.690000 0.569689
1.700000 0.572636
1.710000 0.575646
1.720000 0.578721
1.730000 0.581861
1.740000 0.585067
1.750000 0.588339
1.760000 0.591678
1.770000 0.595085
1.780000 0.598560
1.790000 0.602103
1.800000 0.605716
1.810000 0.609398
1.820000 0.613150
1.830000 0.616973
1.840000 0.620867
1.850000 0.624833
1.860000 0.628871
1.870000 0.632981
1.880000 0.637164
1.890000 0.641420
1.900000 0.645749
1.910000 0.650153
1.920000 0.654631
1.930000 0.659183
1.940000 0.663811
1.950000 0.668514
1.960000 0.673293
1.970000 0.678148
1.980000 0.683079
1.990000 0.688087
2.000000 0.693172
2.010000 0.698334
2.020000 0.703574
2.030000 0.708892
2.040000 0.714289
2.050000 0.719764
2.060000 0.725318
2.070000 0.730951
2.080000 0.736664
2.090000 0.742456
2.100000 0.748329
2.110000 0.754283
2.120000 0.760317
2.130000 0.766432
2.140000 0.772629
2.150000 0.778908
2.160000 0.785269
2.170000 0.791712
2.180000 0.798238
2.190000 0.804847
2.200000 0.811539
2.210000 0.818316
2.220000 0.825176
2.230000 0.832121
2.240000 0.839151
2.250000 0.846266
2.260000 0.853466
2.270000 0.860753
2.280000 0.868126
2.290000 0.875585
2.300000 0.883132
2.310000 0.890766
2.320000 0.898488
2.330000 0.906298
2.340000 0.914197
2.350000 0.922185
2.360000 0.930263
2.370000 0.938431
2.380000 0.946689
2.390000 0.955038
2.400000 0.963478
2.410000 0.972010
2.420000 0.980635
2.430000 0.989352
2.440000 0.998163
2.450000 1.007067
2.460000 1.016066
2.470000 1.025159
2.480000 1.034348
2.490000 1.043632
2.500000 1.053013
2.510000 1.062491
2.520000 1.072066
2.530000 1.081739
2.540000 1.091511
2.550000 1.101382
2.560000 1.111352
2.570000 1.121424
2.580000 1.131596
2.590000 1.141869
2.600000 1.152245
2.610000 1.162724
2.620000 1.173306
2.630000 1.183992
2.640000 1.194784
2.650000 1.205680
2.660000 1.216683
2.670000 1.227793
2.680000 1.239010
2.690000 1.250336
2.700000 1.261770
2.710000 1.273315
2.720000 1.284969
2.730000 1.296735
2.740000 1.308613
2.750000 1.320604
2.760000 1.332708
2.770000 1.344927
2.780000 1.357261
2.790000 1.369711
2.800000 1.382277
2.810000 1.394962
2.820000 1.407764
2.830000 1.420686
2.840000 1.433729
2.850000 1.446892
2.860000 1.460177
2.870000 1.473585
2.880000 1.487117
2.890000 1.500774
2.900000 1.514556
2.910000 1.528465
2.920000 1.542502
2.930000 1.556666
2.940000 1.570961
2.950000 1.585386
2.960000 1.599942
2.970000 1.614631
2.980000 1.629454
2.990000 1.644411


# ЛЕВАЯ РАЗНОСТЬ
0.110000 7.139016
0.120000 7.092685
0.130000 7.047283
0.140000 7.002832
0.150000 -0.742281
0.160000 -0.730237
0.170000 -0.717739
0.180000 -0.704816
0.190000 -0.691492
0.200000 -0.677792
0.210000 -0.663741
0.220000 -0.649362
0.230000 -0.634677
0.240000 -0.619710
0.250000 -0.604481
0.260000 -0.589013
0.270000 -0.573324
0.280000 -0.557436
0.290000 -0.541366
0.300000 -0.525135
0.310000 -0.508760
0.320000 -0.492259
0.330000 -0.475648
0.340000 -0.458944
0.350000 -0.442164
0.360000 -0.425323
0.370000 -0.408435
0.380000 -0.391516
0.390000 -0.374580
0.400000 -0.357640
0.410000 -0.340710
0.420000 -0.323801
0.430000 -0.306928
0.440000 -0.290102
0.450000 -0.273334
0.460000 -0.256635
0.470000 -0.240017
0.480000 -0.223489
0.490000 -0.207063
0.500000 -0.190747
0.510000 -0.174551
0.520000 -0.158483
0.530000 -0.142553
0.540000 -0.126768
0.550000 -0.111137
0.560000 -0.095667
0.570000 -0.080365
0.580000 -0.065238
0.590000 -0.050293
0.600000 -0.035535
0.610000 -0.020971
0.620000 -0.006606
0.630000 0.007555
0.640000 0.021506
0.650000 0.035244
0.660000 0.048764
0.670000 0.062062
0.680000 0.075135
0.690000 0.087979
0.700000 0.100592
0.710000 0.112970
0.720000 0.125112
0.730000 0.137015
0.740000 0.148677
0.750000 0.160098
0.760000 0.171276
0.770000 0.182210
0.780000 0.192900
0.790000 0.203345
0.800000 0.213546
0.810000 0.223502
0.820000 0.233214
0.830000 0.242683
0.840000 0.251910
0.850000 0.260896
0.860000 0.269643
0.870000 0.278152
0.880000 0.286425
0.890000 0.294465
0.900000 0.302274
0.910000 0.309854
0.920000 0.317208
0.930000 0.324340
0.940000 0.331252
0.950000 0.337948
0.960000 0.344431
0.970000 0.350704
0.980000 0.356772
0.990000 0.362638
1.000000 0.368307
1.010000 0.373782
1.020000 0.379068
1.030000 0.384169
1.040000 0.389089
1.050000 0.393833
1.060000 0.398406
1.070000 0.402812
1.080000 0.407055
1.090000 0.411141
1.100000 0.415074
1.110000 0.418860
1.120000 0.422502
1.130000 0.426006
1.140000 0.429376
1.150000 0.432618
1.160000 0.435736
1.170000 0.438735
1.180000 0.441620
1.190000 0.444395
1.200000 0.447066
1.210000 0.449637
1.220000 0.452113
1.230000 0.454498
1.240000 0.456798
1.250000 0.459016
1.260000 0.461157
1.270000 0.463226
1.280000 0.465227
1.290000 0.467164
1.300000 0.469042
1.310000 0.470865
1.320000 0.472636
1.330000 0.474360
1.340000 0.476041
1.350000 0.477683
1.360000 0.479289
1.370000 0.480863
1.380000 0.482410
1.390000 0.483932
1.400000 0.485432
1.410000 0.486915
1.420000 0.488384
1.430000 0.489842
1.440000 0.491291
1.450000 0.492736
1.460000 0.494179
1.470000 0.495623
1.480000 0.497070
1.490000 0.498525
1.500000 0.499988
1.510000 0.501464
1.520000 0.502953
1.530000 0.504460
1.540000 0.505985
1.550000 0.507532
1.560000 0.509103
1.570000 0.510700
1.580000 0.512324
1.590000 0.513978
1.600000 0.515664
1.610000 0.517384
1.620000 0.519139
1.630000 0.520932
1.640000 0.522763
1.650000 0.524635
1.660000 0.526549
1.670000 0.528507
1.680000 0.530510
1.690000 0.532559
1.700000 0.534656
1.710000 0.536803
1.720000 0.538999
1.730000 0.541248
1.740000 0.543549
1.750000 0.545904
1.760000 0.548314
1.770000 0.550780
1.780000 0.553303
1.790000 0.555884
1.800000 0.558524
1.810000 0.561223
1.820000 0.563983
1.830000 0.566805
1.840000 0.569689
1.850000 0.572636
1.860000 0.575646
1.870000 0.578721
1.880000 0.581861
1.890000 0.585067
1.900000 0.588339
1.910000 0.591678
1.920000 0.595085
1.930000 0.598560
1.940000 0.602103
1.950000 0.605716
1.960000 0.609398
1.970000 0.613150
1.980000 0.616973
1.990000 0.620867
2.000000 0.624833
2.010000 0.628871
2.020000 0.632981
2.030000 0.637164
2.040000 0.641420
2.050000 0.645749
2.060000 0.650153
2.070000 0.654631
2.080000 0.659183
2.090000 0.663811
2.100000 0.668514
2.110000 0.673293
2.120000 0.678148
2.130000 0.683079
2.140000 0.688087
2.150000 0.693172
2.160000 0.698334
2.170000 0.703574
2.180000 0.708892
2.190000 0.714289
2.200000 0.719764
2.210000 0.725318
2.220000 0.730951
2.230000 0.736664
2.240000 0.742456
2.250000 0.748329
2.260000 0.754283
2.270000 0.760317
2.280000 0.766432
2.290000 0.772629
2.300000 0.778908
2.310000 0.785269
2.320000 0.791712
2.330000 0.798238
2.340000 0.804847
2.350000 0.811539
2.360000 0.818316
2.370000 0.825176
2.380000 0.832121
2.390000 0.839151
2.400000 0.846266
2.410000 0.853466
2.420000 0.860753
2.430000 0.868126
2.440000 0.875585
2.450000 0.883132
2.460000 0.890766
2.470000 0.898488
2.480000 0.906298
2.490000 0.914197
2.500000 0.922185
2.510000 0.930263
2.520000 0.938431
2.530000 0.946689
2.540000 0.955038
2.550000 0.963478
2.560000 0.972010
2.570000 0.980635
2.580000 0.989352
2.590000 0.998163
2.600000 1.007067
2.610000 1.016066
2.620000 1.025159
2.630000 1.034348
2.640000 1.043632
2.650000 1.053013
2.660000 1.062491
2.670000 1.072066
2.680000 1.081739
2.690000 1.091511
2.700000 1.101382
2.710000 1.111352
2.720000 1.121424
2.730000 1.131596
2.740000 1.141869
2.750000 1.152245
2.760000 1.162724
2.770000 1.173306
2.780000 1.183992
2.790000 1.194784
2.800000 1.205680
2.810000 1.216683
2.820000 1.227793
2.830000 1.239010
2.840000 1.250336
2.850000 1.261770
2.860000 1.273315
2.870000 1.284969
2.880000 1.296735
2.890000 1.308613
2.900000 1.320604
2.910000 1.332708
2.920000 1.344927
2.930000 1.357261
2.940000 1.369711
2.950000 1.382277
2.960000 1.394962
2.970000 1.407764
2.980000 1.420686
2.990000 1.433729


# ЦЕНТРАЛЬНАЯ РАЗНОСТЬ
0.110000 3.275002
0.120000 3.259681
0.130000 3.244924
0.140000 3.230733
0.150000 -0.633708
0.160000 -0.619498
0.170000 -0.604999
0.180000 -0.590232
0.190000 -0.575218
0.200000 -0.559978
0.210000 -0.544532
0.220000 -0.528898
0.230000 -0.513097
0.240000 -0.497145
0.250000 -0.481061
0.260000 -0.464861
0.270000 -0.448563
0.280000 -0.432182
0.290000 -0.415734
0.300000 -0.399234
0.310000 -0.382698
0.320000 -0.366138
0.330000 -0.349569
0.340000 -0.333004
0.350000 -0.316456
0.360000 -0.299937
0.370000 -0.283459
0.380000 -0.267035
0.390000 -0.250674
0.400000 -0.234389
0.410000 -0.218188
0.420000 -0.202083
0.430000 -0.186083
0.440000 -0.170197
0.450000 -0.154434
0.460000 -0.138803
0.470000 -0.123311
0.480000 -0.107967
0.490000 -0.092778
0.500000 -0.077751
0.510000 -0.062893
0.520000 -0.048210
0.530000 -0.033709
0.540000 -0.019395
0.550000 -0.005273
0.560000 0.008651
0.570000 0.022373
0.580000 0.035888
0.590000 0.049192
0.600000 0.062282
0.610000 0.075153
0.620000 0.087802
0.630000 0.100227
0.640000 0.112426
0.650000 0.124395
0.660000 0.136133
0.670000 0.147638
0.680000 0.158909
0.690000 0.169944
0.700000 0.180744
0.710000 0.191306
0.720000 0.201632
0.730000 0.211720
0.740000 0.221571
0.750000 0.231186
0.760000 0.240565
0.770000 0.249709
0.780000 0.258620
0.790000 0.267299
0.800000 0.275747
0.810000 0.283966
0.820000 0.291959
0.830000 0.299728
0.840000 0.307274
0.850000 0.314602
0.860000 0.321712
0.870000 0.328610
0.880000 0.335297
0.890000 0.341777
0.900000 0.348053
0.910000 0.354130
0.920000 0.360010
0.930000 0.365698
0.940000 0.371197
0.950000 0.376511
0.960000 0.381645
0.970000 0.386603
0.980000 0.391389
0.990000 0.396007
1.000000 0.400462
1.010000 0.404759
1.020000 0.408901
1.030000 0.412894
1.040000 0.416742
1.050000 0.420450
1.060000 0.424021
1.070000 0.427462
1.080000 0.430777
1.090000 0.433970
1.100000 0.437045
1.110000 0.440009
1.120000 0.442864
1.130000 0.445616
1.140000 0.448270
1.150000 0.450830
1.160000 0.453300
1.170000 0.455685
1.180000 0.457990
1.190000 0.460218
1.200000 0.462374
1.210000 0.464463
1.220000 0.466488
1.230000 0.468454
1.240000 0.470365
1.250000 0.472224
1.260000 0.474036
1.270000 0.475805
1.280000 0.477534
1.290000 0.479228
1.300000 0.480889
1.310000 0.482522
1.320000 0.484129
1.330000 0.485715
1.340000 0.487283
1.350000 0.488835
1.360000 0.490376
1.370000 0.491908
1.380000 0.493435
1.390000 0.494958
1.400000 0.496482
1.410000 0.498009
1.420000 0.499542
1.430000 0.501083
1.440000 0.502635
1.450000 0.504200
1.460000 0.505781
1.470000 0.507381
1.480000 0.509001
1.490000 0.510644
1.500000 0.512312
1.510000 0.514006
1.520000 0.515730
1.530000 0.517485
1.540000 0.519272
1.550000 0.521094
1.560000 0.522953
1.570000 0.524849
1.580000 0.526786
1.590000 0.528763
1.600000 0.530784
1.610000 0.532849
1.620000 0.534960
1.630000 0.537117
1.640000 0.539323
1.650000 0.541579
1.660000 0.543886
1.670000 0.546245
1.680000 0.548657
1.690000 0.551124
1.700000 0.553646
1.710000 0.556224
1.720000 0.558860
1.730000 0.561554
1.740000 0.564308
1.750000 0.567121
1.760000 0.569996
1.770000 0.572932
1.780000 0.575931
1.790000 0.578993
1.800000 0.582120
1.810000 0.585310
1.820000 0.588567
1.830000 0.591889
1.840000 0.595278
1.850000 0.598734
1.860000 0.602258
1.870000 0.605851
1.880000 0.609512
1.890000 0.613243
1.900000 0.617044
1.910000 0.620916
1.920000 0.624858
1.930000 0.628871
1.940000 0.632957
1.950000 0.637115
1.960000 0.641345
1.970000 0.645649
1.980000 0.650026
1.990000 0.654477
2.000000 0.659002
2.010000 0.663602
2.020000 0.668277
2.030000 0.673028
2.040000 0.677854
2.050000 0.682756
2.060000 0.687735
2.070000 0.692791
2.080000 0.697924
2.090000 0.703134
2.100000 0.708422
2.110000 0.713788
2.120000 0.719232
2.130000 0.724756
2.140000 0.730358
2.150000 0.736040
2.160000 0.741801
2.170000 0.747643
2.180000 0.753565
2.190000 0.759568
2.200000 0.765652
2.210000 0.771817
2.220000 0.778063
2.230000 0.784392
2.240000 0.790804
2.250000 0.797298
2.260000 0.803875
2.270000 0.810535
2.280000 0.817279
2.290000 0.824107
2.300000 0.831020
2.310000 0.838017
2.320000 0.845100
2.330000 0.852268
2.340000 0.859522
2.350000 0.866862
2.360000 0.874289
2.370000 0.881803
2.380000 0.889405
2.390000 0.897094
2.400000 0.904872
2.410000 0.912738
2.420000 0.920694
2.430000 0.928739
2.440000 0.936874
2.450000 0.945099
2.460000 0.953416
2.470000 0.961823
2.480000 0.970323
2.490000 0.978915
2.500000 0.987599
2.510000 0.996377
2.520000 1.005248
2.530000 1.014214
2.540000 1.023274
2.550000 1.032430
2.560000 1.041681
2.570000 1.051029
2.580000 1.060474
2.590000 1.070016
2.600000 1.079656
2.610000 1.089395
2.620000 1.099233
2.630000 1.109170
2.640000 1.119208
2.650000 1.129347
2.660000 1.139587
2.670000 1.149929
2.680000 1.160375
2.690000 1.170923
2.700000 1.181576
2.710000 1.192333
2.720000 1.203196
2.730000 1.214165
2.740000 1.225241
2.750000 1.236425
2.760000 1.247716
2.770000 1.259117
2.780000 1.270627
2.790000 1.282247
2.800000 1.293979
2.810000 1.305822
2.820000 1.317779
2.830000 1.329848
2.840000 1.342032
2.850000 1.354331
2.860000 1.366746
2.870000 1.379277
2.880000 1.391926
2.890000 1.404694
2.900000 1.417580
2.910000 1.430587
2.920000 1.443714
2.930000 1.456964
2.940000 1.470336
2.950000 1.483832
2.960000 1.497452
2.970000 1.511198
2.980000 1.525070
2.990000 1.539070


# 3-ТОЧЕЧНАЯ ВПЕРЕД
0.110000 -0.713164
0.120000 -0.698085
0.130000 -0.682689
0.140000 -0.666999
0.150000 -0.651036
0.160000 -0.634823
0.170000 -0.618380
0.180000 -0.601727
0.190000 -0.584885
0.200000 -0.567873
0.210000 -0.550709
0.220000 -0.533412
0.230000 -0.515998
0.240000 -0.498486
0.250000 -0.480892
0.260000 -0.463231
0.270000 -0.445520
0.280000 -0.427773
0.290000 -0.410006
0.300000 -0.392233
0.310000 -0.374467
0.320000 -0.356722
0.330000 -0.339012
0.340000 -0.321347
0.350000 -0.303742
0.360000 -0.286208
0.370000 -0.268756
0.380000 -0.251397
0.390000 -0.234142
0.400000 -0.217001
0.410000 -0.199985
0.420000 -0.183103
0.430000 -0.166364
0.440000 -0.149778
0.450000 -0.133352
0.460000 -0.117094
0.470000 -0.101014
0.480000 -0.085118
0.490000 -0.069413
0.500000 -0.053907
0.510000 -0.038605
0.520000 -0.023514
0.530000 -0.008639
0.540000 0.006014
0.550000 0.020439
0.560000 0.034633
0.570000 0.048591
0.580000 0.062309
0.590000 0.075783
0.600000 0.089010
0.610000 0.101987
0.620000 0.114711
0.630000 0.127180
0.640000 0.139392
0.650000 0.151345
0.660000 0.163037
0.670000 0.174469
0.680000 0.185638
0.690000 0.196546
0.700000 0.207190
0.710000 0.217573
0.720000 0.227693
0.730000 0.237553
0.740000 0.247153
0.750000 0.256494
0.760000 0.265578
0.770000 0.274407
0.780000 0.282983
0.790000 0.291308
0.800000 0.299385
0.810000 0.307216
0.820000 0.314805
0.830000 0.322155
0.840000 0.329270
0.850000 0.336152
0.860000 0.342806
0.870000 0.349235
0.880000 0.355444
0.890000 0.361436
0.900000 0.367217
0.910000 0.372790
0.920000 0.378161
0.930000 0.383334
0.940000 0.388313
0.950000 0.393103
0.960000 0.397711
0.970000 0.402139
0.980000 0.406395
0.990000 0.410482
1.000000 0.414405
1.010000 0.418171
1.020000 0.421784
1.030000 0.425249
1.040000 0.428572
1.050000 0.431758
1.060000 0.434811
1.070000 0.437738
1.080000 0.440543
1.090000 0.443231
1.100000 0.445808
1.110000 0.448278
1.120000 0.450647
1.130000 0.452920
1.140000 0.455101
1.150000 0.457195
1.160000 0.459207
1.170000 0.461143
1.180000 0.463005
1.190000 0.464799
1.200000 0.466530
1.210000 0.468202
1.220000 0.469819
1.230000 0.471385
1.240000 0.472905
1.250000 0.474382
1.260000 0.475822
1.270000 0.477226
1.280000 0.478601
1.290000 0.479948
1.300000 0.481272
1.310000 0.482576
1.320000 0.483865
1.330000 0.485140
1.340000 0.486405
1.350000 0.487665
1.360000 0.488921
1.370000 0.490176
1.380000 0.491435
1.390000 0.492698
1.400000 0.493970
1.410000 0.495253
1.420000 0.496550
1.430000 0.497862
1.440000 0.499193
1.450000 0.500544
1.460000 0.501919
1.470000 0.503319
1.480000 0.504746
1.490000 0.506203
1.500000 0.507691
1.510000 0.509212
1.520000 0.510769
1.530000 0.512362
1.540000 0.513994
1.550000 0.515667
1.560000 0.517381
1.570000 0.519138
1.580000 0.520941
1.590000 0.522790
1.600000 0.524686
1.610000 0.526632
1.620000 0.528627
1.630000 0.530674
1.640000 0.532774
1.650000 0.534928
1.660000 0.537136
1.670000 0.539400
1.680000 0.541721
1.690000 0.544100
1.700000 0.546537
1.710000 0.549034
1.720000 0.551591
1.730000 0.554210
1.740000 0.556891
1.750000 0.559634
1.760000 0.562441
1.770000 0.565312
1.780000 0.568248
1.790000 0.571249
1.800000 0.574316
1.810000 0.577450
1.820000 0.580652
1.830000 0.583920
1.840000 0.587258
1.850000 0.590664
1.860000 0.594139
1.870000 0.597684
1.880000 0.601299
1.890000 0.604985
1.900000 0.608742
1.910000 0.612570
1.920000 0.616471
1.930000 0.620443
1.940000 0.624488
1.950000 0.628606
1.960000 0.632798
1.970000 0.637063
1.980000 0.641402
1.990000 0.645815
2.000000 0.650304
2.010000 0.654867
2.020000 0.659505
2.030000 0.664220
2.040000 0.669010
2.050000 0.673876
2.060000 0.678819
2.070000 0.683838
2.080000 0.688935
2.090000 0.694109
2.100000 0.699361
2.110000 0.704691
2.120000 0.710099
2.130000 0.715586
2.140000 0.721151
2.150000 0.726796
2.160000 0.732520
2.170000 0.738324
2.180000 0.744208
2.190000 0.750172
2.200000 0.756216
2.210000 0.762342
2.220000 0.768549
2.230000 0.774837
2.240000 0.781207
2.250000 0.787659
2.260000 0.794194
2.270000 0.800812
2.280000 0.807512
2.290000 0.814296
2.300000 0.821164
2.310000 0.828116
2.320000 0.835152
2.330000 0.842273
2.340000 0.849479
2.350000 0.856771
2.360000 0.864149
2.370000 0.871613
2.380000 0.879164
2.390000 0.886801
2.400000 0.894526
2.410000 0.902339
2.420000 0.910241
2.430000 0.918231
2.440000 0.926310
2.450000 0.934478
2.460000 0.942737
2.470000 0.951085
2.480000 0.959525
2.490000 0.968056
2.500000 0.976679
2.510000 0.985394
2.520000 0.994202
2.530000 1.003103
2.540000 1.012098
2.550000 1.021187
2.560000 1.030371
2.570000 1.039651
2.580000 1.049026
2.590000 1.058497
2.600000 1.068066
2.610000 1.077731
2.620000 1.087495
2.630000 1.097358
2.640000 1.107320
2.650000 1.117382
2.660000 1.127544
2.670000 1.137807
2.680000 1.148172
2.690000 1.158639
2.700000 1.169209
2.710000 1.179883
2.720000 1.190661
2.730000 1.201544
2.740000 1.212533
2.750000 1.223628
2.760000 1.234830
2.770000 1.246140
2.780000 1.257558
2.790000 1.269086
2.800000 1.280723
2.810000 1.292471
2.820000 1.304331
2.830000 1.316303
2.840000 1.328388
2.850000 1.340586
2.860000 1.352899
2.870000 1.365328
2.880000 1.377873
2.890000 1.390535
2.900000 1.403315
2.910000 1.416214
2.920000 1.429232
2.930000 1.442371
2.940000 1.455631
2.950000 1.469014
2.960000 1.482520
2.970000 1.496150
2.980000 1.509905


# 3-ТОЧЕЧНАЯ НАЗАД
0.120000 10.639028
0.130000 10.570924
0.140000 10.504248
0.150000 -4.964239
0.160000 -4.918908
0.170000 -4.873177
0.180000 -4.827107
0.190000 -4.780758
0.200000 -4.734187
0.210000 -4.687448
0.220000 -4.640594
0.230000 -4.593677
0.240000 -4.546745
0.250000 -4.499847
0.260000 -4.453027
0.270000 -4.406329
0.280000 -4.359795
0.290000 -4.313466
0.300000 -0.416562
0.310000 -0.398022
0.320000 -0.379518
0.330000 -0.361064
0.340000 -0.342671
0.350000 -0.324350
0.360000 -0.306114
0.370000 -0.287972
0.380000 -0.269936
0.390000 -0.252015
0.400000 -0.234219
0.410000 -0.216558
0.420000 -0.199040
0.430000 -0.181674
0.440000 -0.164469
0.450000 -0.147433
0.460000 -0.130572
0.470000 -0.113896
0.480000 -0.097410
0.490000 -0.081122
0.500000 -0.065038
0.510000 -0.049164
0.520000 -0.033507
0.530000 -0.018071
0.540000 -0.002862
0.550000 0.012114
0.560000 0.026854
0.570000 0.041353
0.580000 0.055607
0.590000 0.069612
0.600000 0.083364
0.610000 0.096861
0.620000 0.110100
0.630000 0.123077
0.640000 0.135791
0.650000 0.148240
0.660000 0.160421
0.670000 0.172335
0.680000 0.183979
0.690000 0.195353
0.700000 0.206456
0.710000 0.217288
0.720000 0.227850
0.730000 0.238141
0.740000 0.248162
0.750000 0.257915
0.760000 0.267400
0.770000 0.276618
0.780000 0.285573
0.790000 0.294265
0.800000 0.302697
0.810000 0.310871
0.820000 0.318790
0.830000 0.326457
0.840000 0.333875
0.850000 0.341048
0.860000 0.347979
0.870000 0.354672
0.880000 0.361130
0.890000 0.367359
0.900000 0.373361
0.910000 0.379143
0.920000 0.384707
0.930000 0.390060
0.940000 0.395206
0.950000 0.400149
0.960000 0.404895
0.970000 0.409449
0.980000 0.413817
0.990000 0.418003
1.000000 0.422013
1.010000 0.425852
1.020000 0.429526
1.030000 0.433041
1.040000 0.436401
1.050000 0.439613
1.060000 0.442682
1.070000 0.445613
1.080000 0.448413
1.090000 0.451086
1.100000 0.453638
1.110000 0.456074
1.120000 0.458401
1.130000 0.460622
1.140000 0.462745
1.150000 0.464773
1.160000 0.466712
1.170000 0.468568
1.180000 0.470345
1.190000 0.472048
1.200000 0.473682
1.210000 0.475253
1.220000 0.476764
1.230000 0.478220
1.240000 0.479626
1.250000 0.480987
1.260000 0.482306
1.270000 0.483589
1.280000 0.484838
1.290000 0.486059
1.300000 0.487254
1.310000 0.488429
1.320000 0.489587
1.330000 0.490730
1.340000 0.491864
1.350000 0.492991
1.360000 0.494115
1.370000 0.495239
1.380000 0.496366
1.390000 0.497498
1.400000 0.498640
1.410000 0.499794
1.420000 0.500963
1.430000 0.502149
1.440000 0.503355
1.450000 0.504583
1.460000 0.505836
1.470000 0.507116
1.480000 0.508426
1.490000 0.509766
1.500000 0.511141
1.510000 0.512551
1.520000 0.513998
1.530000 0.515485
1.540000 0.517012
1.550000 0.518582
1.560000 0.520197
1.570000 0.521857
1.580000 0.523565
1.590000 0.525322
1.600000 0.527128
1.610000 0.528986
1.620000 0.530897
1.630000 0.532862
1.640000 0.534882
1.650000 0.536959
1.660000 0.539092
1.670000 0.541284
1.680000 0.543535
1.690000 0.545846
1.700000 0.548218
1.710000 0.550652
1.720000 0.553149
1.730000 0.555710
1.740000 0.558334
1.750000 0.561024
1.760000 0.563779
1.770000 0.566600
1.780000 0.569488
1.790000 0.572444
1.800000 0.575468
1.810000 0.578560
1.820000 0.581722
1.830000 0.584953
1.840000 0.588254
1.850000 0.591625
1.860000 0.595068
1.870000 0.598582
1.880000 0.602168
1.890000 0.605826
1.900000 0.609557
1.910000 0.613360
1.920000 0.617237
1.930000 0.621188
1.940000 0.625213
1.950000 0.629312
1.960000 0.633485
1.970000 0.637734
1.980000 0.642057
1.990000 0.646457
2.000000 0.650932
2.010000 0.655483
2.020000 0.660110
2.030000 0.664815
2.040000 0.669596
2.050000 0.674454
2.060000 0.679390
2.070000 0.684404
2.080000 0.689495
2.090000 0.694665
2.100000 0.699913
2.110000 0.705240
2.120000 0.710646
2.130000 0.716132
2.140000 0.721696
2.150000 0.727341
2.160000 0.733066
2.170000 0.738871
2.180000 0.744757
2.190000 0.750723
2.200000 0.756771
2.210000 0.762900
2.220000 0.769111
2.230000 0.775404
2.240000 0.781779
2.250000 0.788237
2.260000 0.794778
2.270000 0.801402
2.280000 0.808109
2.290000 0.814901
2.300000 0.821776
2.310000 0.828736
2.320000 0.835781
2.330000 0.842911
2.340000 0.850126
2.350000 0.857427
2.360000 0.864815
2.370000 0.872289
2.380000 0.879850
2.390000 0.887498
2.400000 0.895234
2.410000 0.903058
2.420000 0.910971
2.430000 0.918972
2.440000 0.927063
2.450000 0.935244
2.460000 0.943514
2.470000 0.951876
2.480000 0.960328
2.490000 0.968872
2.500000 0.977508
2.510000 0.986237
2.520000 0.995058
2.530000 1.003973
2.540000 1.012981
2.550000 1.022084
2.560000 1.031283
2.570000 1.040576
2.580000 1.049966
2.590000 1.059452
2.600000 1.069035
2.610000 1.078716
2.620000 1.088495
2.630000 1.098372
2.640000 1.108350
2.650000 1.118427
2.660000 1.128604
2.670000 1.138883
2.680000 1.149264
2.690000 1.159747
2.700000 1.170333
2.710000 1.181023
2.720000 1.191818
2.730000 1.202717
2.740000 1.213722
2.750000 1.224834
2.760000 1.236053
2.770000 1.247380
2.780000 1.258815
2.790000 1.270359
2.800000 1.282014
2.810000 1.293779
2.820000 1.305656
2.830000 1.317646
2.840000 1.329748
2.850000 1.341965
2.860000 1.354296
2.870000 1.366742
2.880000 1.379305
2.890000 1.391985
2.900000 1.404784
2.910000 1.417701
2.920000 1.430738
2.930000 1.443895
2.940000 1.457174
2.950000 1.470576
2.960000 1.484101
2.970000 1.497750
2.980000 1.511524
2.990000 1.525425


# 4-ТОЧЕЧНАЯ
0.110000 1.945613
0.120000 1.940425
0.130000 1.935719
0.140000 1.931489
0.150000 -0.639484
0.160000 -0.624606
0.170000 -0.609459
0.180000 -0.594064
0.190000 -0.578441
0.200000 -0.562610
0.210000 -0.546591
0.220000 -0.530403
0.230000 -0.514064
0.240000 -0.497592
0.250000 -0.481004
0.260000 -0.464318
0.270000 -0.447548
0.280000 -0.430712
0.290000 -0.413825
0.300000 -0.396901
0.310000 -0.379954
0.320000 -0.362999
0.330000 -0.346050
0.340000 -0.329118
0.350000 -0.312218
0.360000 -0.295360
0.370000 -0.278558
0.380000 -0.261822
0.390000 -0.245163
0.400000 -0.228593
0.410000 -0.212121
0.420000 -0.195757
0.430000 -0.179510
0.440000 -0.163391
0.450000 -0.147407
0.460000 -0.131567
0.470000 -0.115879
0.480000 -0.100351
0.490000 -0.084990
0.500000 -0.069803
0.510000 -0.054797
0.520000 -0.039978
0.530000 -0.025352
0.540000 -0.010925
0.550000 0.003298
0.560000 0.017312
0.570000 0.031113
0.580000 0.044695
0.590000 0.058056
0.600000 0.071191
0.610000 0.084097
0.620000 0.096772
0.630000 0.109212
0.640000 0.121414
0.650000 0.133378
0.660000 0.145101
0.670000 0.156582
0.680000 0.167819
0.690000 0.178812
0.700000 0.189559
0.710000 0.200062
0.720000 0.210319
0.730000 0.220331
0.740000 0.230098
0.750000 0.239622
0.760000 0.248903
0.770000 0.257942
0.780000 0.266741
0.790000 0.275302
0.800000 0.283626
0.810000 0.291716
0.820000 0.299575
0.830000 0.307204
0.840000 0.314606
0.850000 0.321785
0.860000 0.328743
0.870000 0.335485
0.880000 0.342013
0.890000 0.348330
0.900000 0.354441
0.910000 0.360350
0.920000 0.366060
0.930000 0.371576
0.940000 0.376902
0.950000 0.382042
0.960000 0.387000
0.970000 0.391782
0.980000 0.396391
0.990000 0.400832
1.000000 0.405110
1.010000 0.409230
1.020000 0.413196
1.030000 0.417013
1.040000 0.420685
1.050000 0.424219
1.060000 0.427618
1.070000 0.430887
1.080000 0.434032
1.090000 0.437057
1.100000 0.439966
1.110000 0.442765
1.120000 0.445459
1.130000 0.448051
1.140000 0.450547
1.150000 0.452952
1.160000 0.455269
1.170000 0.457504
1.180000 0.459662
1.190000 0.461745
1.200000 0.463760
1.210000 0.465709
1.220000 0.467598
1.230000 0.469431
1.240000 0.471211
1.250000 0.472944
1.260000 0.474631
1.270000 0.476279
1.280000 0.477890
1.290000 0.479468
1.300000 0.481017
1.310000 0.482540
1.320000 0.484041
1.330000 0.485523
1.340000 0.486990
1.350000 0.488445
1.360000 0.489891
1.370000 0.491331
1.380000 0.492768
1.390000 0.494205
1.400000 0.495645
1.410000 0.497091
1.420000 0.498544
1.430000 0.500009
1.440000 0.501487
1.450000 0.502982
1.460000 0.504494
1.470000 0.506027
1.480000 0.507583
1.490000 0.509164
1.500000 0.510771
1.510000 0.512408
1.520000 0.514076
1.530000 0.515777
1.540000 0.517513
1.550000 0.519285
1.560000 0.521095
1.570000 0.522946
1.580000 0.524837
1.590000 0.526772
1.600000 0.528751
1.610000 0.530776
1.620000 0.532849
1.630000 0.534970
1.640000 0.537140
1.650000 0.539362
1.660000 0.541636
1.670000 0.543963
1.680000 0.546345
1.690000 0.548783
1.700000 0.551276
1.710000 0.553828
1.720000 0.556437
1.730000 0.559106
1.740000 0.561835
1.750000 0.564626
1.760000 0.567478
1.770000 0.570392
1.780000 0.573370
1.790000 0.576412
1.800000 0.579518
1.810000 0.582690
1.820000 0.585928
1.830000 0.589233
1.840000 0.592605
1.850000 0.596044
1.860000 0.599552
1.870000 0.603129
1.880000 0.606775
1.890000 0.610491
1.900000 0.614277
1.910000 0.618134
1.920000 0.622062
1.930000 0.626062
1.940000 0.630134
1.950000 0.634279
1.960000 0.638496
1.970000 0.642787
1.980000 0.647151
1.990000 0.651590
2.000000 0.656103
2.010000 0.660691
2.020000 0.665353
2.030000 0.670092
2.040000 0.674906
2.050000 0.679796
2.060000 0.684763
2.070000 0.689807
2.080000 0.694927
2.090000 0.700126
2.100000 0.705402
2.110000 0.710756
2.120000 0.716188
2.130000 0.721699
2.140000 0.727289
2.150000 0.732959
2.160000 0.738708
2.170000 0.744537
2.180000 0.750446
2.190000 0.756436
2.200000 0.762506
2.210000 0.768658
2.220000 0.774892
2.230000 0.781207
2.240000 0.787605
2.250000 0.794085
2.260000 0.800648
2.270000 0.807294
2.280000 0.814023
2.290000 0.820837
2.300000 0.827734
2.310000 0.834717
2.320000 0.841784
2.330000 0.848936
2.340000 0.856174
2.350000 0.863499
2.360000 0.870909
2.370000 0.878407
2.380000 0.885991
2.390000 0.893663
2.400000 0.901423
2.410000 0.909272
2.420000 0.917209
2.430000 0.925236
2.440000 0.933352
2.450000 0.941559
2.460000 0.949856
2.470000 0.958244
2.480000 0.966724
2.490000 0.975295
2.500000 0.983959
2.510000 0.992716
2.520000 1.001566
2.530000 1.010510
2.540000 1.019549
2.550000 1.028682
2.560000 1.037911
2.570000 1.047236
2.580000 1.056658
2.590000 1.066176
2.600000 1.075793
2.610000 1.085507
2.620000 1.095320
2.630000 1.105233
2.640000 1.115245
2.650000 1.125358
2.660000 1.135573
2.670000 1.145889
2.680000 1.156307
2.690000 1.166829
2.700000 1.177454
2.710000 1.188183
2.720000 1.199018
2.730000 1.209958
2.740000 1.221005
2.750000 1.232159
2.760000 1.243421
2.770000 1.254791
2.780000 1.266271
2.790000 1.277860
2.800000 1.289560
2.810000 1.301372
2.820000 1.313296
2.830000 1.325333
2.840000 1.337484
2.850000 1.349749
2.860000 1.362130
2.870000 1.374628
2.880000 1.387242
2.890000 1.399974
2.900000 1.412825
2.910000 1.425796
2.920000 1.438887
2.930000 1.452099
2.940000 1.465434
2.950000 1.478892
2.960000 1.492475
2.970000 1.506182
2.980000 1.520015


# АНАЛИТИЧЕСКАЯ ВТОРАЯ ПРОИЗВОДНАЯ
0.100000 1.316366
0.110000 1.355784
0.120000 1.392722
0.130000 1.427249
0.140000 1.459430
0.150000 1.489333
0.160000 1.517021
0.170000 1.542559
0.180000 1.566007
0.190000 1.587427
0.200000 1.606877
0.210000 1.624416
0.220000 1.640100
0.230000 1.653985
0.240000 1.666124
0.250000 1.676569
0.260000 1.685373
0.270000 1.692584
0.280000 1.698252
0.290000 1.702424
0.300000 1.705147
0.310000 1.706465
0.320000 1.706424
0.330000 1.705067
0.340000 1.702436
0.350000 1.698572
0.360000 1.693516
0.370000 1.687309
0.380000 1.679989
0.390000 1.671594
0.400000 1.662163
0.410000 1.651733
0.420000 1.640340
0.430000 1.628022
0.440000 1.614812
0.450000 1.600748
0.460000 1.585864
0.470000 1.570194
0.480000 1.553773
0.490000 1.536636
0.500000 1.518815
0.510000 1.500345
0.520000 1.481259
0.530000 1.461590
0.540000 1.441372
0.550000 1.420636
0.560000 1.399415
0.570000 1.377743
0.580000 1.355651
0.590000 1.333171
0.600000 1.310335
0.610000 1.287175
0.620000 1.263722
0.630000 1.240007
0.640000 1.216061
0.650000 1.191915
0.660000 1.167599
0.670000 1.143143
0.680000 1.118577
0.690000 1.093928
0.700000 1.069227
0.710000 1.044501
0.720000 1.019779
0.730000 0.995086
0.740000 0.970451
0.750000 0.945898
0.760000 0.921453
0.770000 0.897142
0.780000 0.872988
0.790000 0.849013
0.800000 0.825242
0.810000 0.801696
0.820000 0.778395
0.830000 0.755360
0.840000 0.732611
0.850000 0.710166
0.860000 0.688042
0.870000 0.666257
0.880000 0.644826
0.890000 0.623764
0.900000 0.603085
0.910000 0.582804
0.920000 0.562931
0.930000 0.543479
0.940000 0.524457
0.950000 0.505876
0.960000 0.487744
0.970000 0.470069
0.980000 0.452858
0.990000 0.436117
1.000000 0.419851
1.010000 0.404065
1.020000 0.388762
1.030000 0.373946
1.040000 0.359619
1.050000 0.345781
1.060000 0.332434
1.070000 0.319577
1.080000 0.307210
1.090000 0.295332
1.100000 0.283941
1.110000 0.273034
1.120000 0.262608
1.130000 0.252660
1.140000 0.243185
1.150000 0.234180
1.160000 0.225640
1.170000 0.217558
1.180000 0.209929
1.190000 0.202748
1.200000 0.196008
1.210000 0.189702
1.220000 0.183823
1.230000 0.178364
1.240000 0.173319
1.250000 0.168678
1.260000 0.164435
1.270000 0.160581
1.280000 0.157109
1.290000 0.154010
1.300000 0.151276
1.310000 0.148899
1.320000 0.146870
1.330000 0.145182
1.340000 0.143826
1.350000 0.142792
1.360000 0.142074
1.370000 0.141663
1.380000 0.141549
1.390000 0.141726
1.400000 0.142185
1.410000 0.142918
1.420000 0.143917
1.430000 0.145174
1.440000 0.146681
1.450000 0.148431
1.460000 0.150416
1.470000 0.152628
1.480000 0.155060
1.490000 0.157706
1.500000 0.160557
1.510000 0.163608
1.520000 0.166852
1.530000 0.170281
1.540000 0.173889
1.550000 0.177671
1.560000 0.181620
1.570000 0.185730
1.580000 0.189996
1.590000 0.194411
1.600000 0.198970
1.610000 0.203668
1.620000 0.208501
1.630000 0.213461
1.640000 0.218546
1.650000 0.223750
1.660000 0.229069
1.670000 0.234499
1.680000 0.240034
1.690000 0.245672
1.700000 0.251407
1.710000 0.257237
1.720000 0.263158
1.730000 0.269166
1.740000 0.275258
1.750000 0.281430
1.760000 0.287680
1.770000 0.294005
1.780000 0.300401
1.790000 0.306867
1.800000 0.313398
1.810000 0.319994
1.820000 0.326651
1.830000 0.333368
1.840000 0.340142
1.850000 0.346971
1.860000 0.353853
1.870000 0.360786
1.880000 0.367769
1.890000 0.374800
1.900000 0.381878
1.910000 0.389001
1.920000 0.396167
1.930000 0.403375
1.940000 0.410625
1.950000 0.417915
1.960000 0.425243
1.970000 0.432610
1.980000 0.440014
1.990000 0.447454
2.000000 0.454929
2.010000 0.462440
2.020000 0.469984
2.030000 0.477563
2.040000 0.485174
2.050000 0.492818
2.060000 0.500494
2.070000 0.508202
2.080000 0.515942
2.090000 0.523713
2.100000 0.531515
2.110000 0.539348
2.120000 0.547213
2.130000 0.555108
2.140000 0.563033
2.150000 0.570990
2.160000 0.578978
2.170000 0.586996
2.180000 0.595046
2.190000 0.603127
2.200000 0.611239
2.210000 0.619383
2.220000 0.627559
2.230000 0.635767
2.240000 0.644008
2.250000 0.652282
2.260000 0.660589
2.270000 0.668929
2.280000 0.677304
2.290000 0.685713
2.300000 0.694157
2.310000 0.702637
2.320000 0.711152
2.330000 0.719704
2.340000 0.728294
2.350000 0.736920
2.360000 0.745585
2.370000 0.754289
2.380000 0.763032
2.390000 0.771815
2.400000 0.780639
2.410000 0.789505
2.420000 0.798412
2.430000 0.807362
2.440000 0.816355
2.450000 0.825393
2.460000 0.834476
2.470000 0.843604
2.480000 0.852778
2.490000 0.862000
2.500000 0.871270
2.510000 0.880588
2.520000 0.889956
2.530000 0.899374
2.540000 0.908844
2.550000 0.918365
2.560000 0.927939
2.570000 0.937567
2.580000 0.947249
2.590000 0.956987
2.600000 0.966781
2.610000 0.976632
2.620000 0.986541
2.630000 0.996509
2.640000 1.006537
2.650000 1.016626
2.660000 1.026776
2.670000 1.036989
2.680000 1.047265
2.690000 1.057606
2.700000 1.068012
2.710000 1.078485
2.720000 1.089024
2.730000 1.099632
2.740000 1.110310
2.750000 1.121057
2.760000 1.131876
2.770000 1.142767
2.780000 1.153732
2.790000 1.164770
2.800000 1.175884
2.810000 1.187074
2.820000 1.198341
2.830000 1.209686
2.840000 1.221111
2.850000 1.232616
2.860000 1.244203
2.870000 1.255872
2.880000 1.267625
2.890000 1.279462
2.900000 1.291385
2.910000 1.303395
2.920000 1.315493
2.930000 1.327680
2.940000 1.339957
2.950000 1.352325
2.960000 1.364785
2.970000 1.377339
2.980000 1.389987
2.990000 1.402731
3.000000 1.415572


# ПРАВАЯ РАЗНОСТЬ (2-я)
0.110000 1.655353
0.120000 1.663484
0.130000 1.670049
0.140000 1.675098
0.150000 1.678678
0.160000 1.680834
0.170000 1.681613
0.180000 1.681057
0.190000 1.679211
0.200000 1.676117
0.210000 1.671816
0.220000 1.666349
0.230000 1.659757
0.240000 1.652079
0.250000 1.643353
0.260000 1.633618
0.270000 1.622910
0.280000 1.611268
0.290000 1.598727
0.300000 1.585324
0.310000 1.571094
0.320000 1.556073
0.330000 1.540295
0.340000 1.523794
0.350000 1.506606
0.360000 1.488764
0.370000 1.470302
0.380000 1.451252
0.390000 1.431649
0.400000 1.411524
0.410000 1.390912
0.420000 1.369843
0.430000 1.348350
0.440000 1.326466
0.450000 1.304221
0.460000 1.281647
0.470000 1.258775
0.480000 1.235636
0.490000 1.212260
0.500000 1.188678
0.510000 1.164918
0.520000 1.141012
0.530000 1.116987
0.540000 1.092872
0.550000 1.068695
0.560000 1.044485
0.570000 1.020267
0.580000 0.996070
0.590000 0.971918
0.600000 0.947837
0.610000 0.923852
0.620000 0.899987
0.630000 0.876267
0.640000 0.852713
0.650000 0.829347
0.660000 0.806192
0.670000 0.783268
0.680000 0.760595
0.690000 0.738191
0.700000 0.716075
0.710000 0.694265
0.720000 0.672776
0.730000 0.651626
0.740000 0.630828
0.750000 0.610398
0.760000 0.590347
0.770000 0.570688
0.780000 0.551433
0.790000 0.532593
0.800000 0.514176
0.810000 0.496193
0.820000 0.478650
0.830000 0.461556
0.840000 0.444916
0.850000 0.428737
0.860000 0.413022
0.870000 0.397777
0.880000 0.383004
0.890000 0.368706
0.900000 0.354884
0.910000 0.341541
0.920000 0.328676
0.930000 0.316288
0.940000 0.304379
0.950000 0.292945
0.960000 0.281985
0.970000 0.271497
0.980000 0.261478
0.990000 0.251923
1.000000 0.242830
1.010000 0.234193
1.020000 0.226009
1.030000 0.218271
1.040000 0.210974
1.050000 0.204112
1.060000 0.197680
1.070000 0.191670
1.080000 0.186076
1.090000 0.180891
1.100000 0.176108
1.110000 0.171720
1.120000 0.167718
1.130000 0.164096
1.140000 0.160846
1.150000 0.157959
1.160000 0.155429
1.170000 0.153246
1.180000 0.151402
1.190000 0.149891
1.200000 0.148703
1.210000 0.147830
1.220000 0.147265
1.230000 0.146999
1.240000 0.147024
1.250000 0.147333
1.260000 0.147918
1.270000 0.148770
1.280000 0.149881
1.290000 0.151245
1.300000 0.152854
1.310000 0.154700
1.320000 0.156776
1.330000 0.159075
1.340000 0.161590
1.350000 0.164313
1.360000 0.167238
1.370000 0.170358
1.380000 0.173667
1.390000 0.177159
1.400000 0.180826
1.410000 0.184663
1.420000 0.188665
1.430000 0.192825
1.440000 0.197137
1.450000 0.201597
1.460000 0.206199
1.470000 0.210937
1.480000 0.215807
1.490000 0.220804
1.500000 0.225923
1.510000 0.231160
1.520000 0.236510
1.530000 0.241968
1.540000 0.247532
1.550000 0.253196
1.560000 0.258958
1.570000 0.264813
1.580000 0.270757
1.590000 0.276788
1.600000 0.282902
1.610000 0.289096
1.620000 0.295367
1.630000 0.301712
1.640000 0.308128
1.650000 0.314613
1.660000 0.321164
1.670000 0.327779
1.680000 0.334455
1.690000 0.341190
1.700000 0.347982
1.710000 0.354830
1.720000 0.361730
1.730000 0.368682
1.740000 0.375684
1.750000 0.382734
1.760000 0.389830
1.770000 0.396972
1.780000 0.404158
1.790000 0.411386
1.800000 0.418656
1.810000 0.425966
1.820000 0.433316
1.830000 0.440703
1.840000 0.448129
1.850000 0.455591
1.860000 0.463089
1.870000 0.470623
1.880000 0.478191
1.890000 0.485794
1.900000 0.493430
1.910000 0.501099
1.920000 0.508802
1.930000 0.516537
1.940000 0.524304
1.950000 0.532103
1.960000 0.539934
1.970000 0.547797
1.980000 0.555691
1.990000 0.563617
2.000000 0.571574
2.010000 0.579563
2.020000 0.587584
2.030000 0.595637
2.040000 0.603721
2.050000 0.611837
2.060000 0.619986
2.070000 0.628167
2.080000 0.636381
2.090000 0.644628
2.100000 0.652909
2.110000 0.661223
2.120000 0.669571
2.130000 0.677954
2.140000 0.686372
2.150000 0.694825
2.160000 0.703314
2.170000 0.711839
2.180000 0.720402
2.190000 0.729001
2.200000 0.737639
2.210000 0.746315
2.220000 0.755030
2.230000 0.763785
2.240000 0.772581
2.250000 0.781417
2.260000 0.790295
2.270000 0.799215
2.280000 0.808178
2.290000 0.817185
2.300000 0.826237
2.310000 0.835333
2.320000 0.844475
2.330000 0.853664
2.340000 0.862900
2.350000 0.872185
2.360000 0.881518
2.370000 0.890901
2.380000 0.900335
2.390000 0.909819
2.400000 0.919356
2.410000 0.928946
2.420000 0.938590
2.430000 0.948289
2.440000 0.958043
2.450000 0.967853
2.460000 0.977721
2.470000 0.987647
2.480000 0.997632
2.490000 1.007677
2.500000 1.017783
2.510000 1.027950
2.520000 1.038181
2.530000 1.048474
2.540000 1.058833
2.550000 1.069257
2.560000 1.079748
2.570000 1.090306
2.580000 1.100932
2.590000 1.111628
2.600000 1.122394
2.610000 1.133231
2.620000 1.144141
2.630000 1.155124
2.640000 1.166181
2.650000 1.177314
2.660000 1.188523
2.670000 1.199810
2.680000 1.211175
2.690000 1.222619
2.700000 1.234144
2.710000 1.245751
2.720000 1.257440
2.730000 1.269213
2.740000 1.281070
2.750000 1.293014
2.760000 1.305044
2.770000 1.317162
2.780000 1.329370
2.790000 1.341667
2.800000 1.354056
2.810000 1.366538
2.820000 1.379113
2.830000 1.391782
2.840000 1.404548
2.850000 1.417410
2.860000 1.430371
2.870000 1.443430
2.880000 1.456591
2.890000 1.469852
2.900000 1.483217
2.910000 1.496686
2.920000 1.510260
2.930000 1.523940
2.940000 1.537728
2.950000 1.551624
2.960000 1.565631
2.970000 1.579749
2.980000 1.593979


# ЛЕВАЯ РАЗНОСТЬ (2-я)
0.120000 47.284567
0.130000 46.981886
0.140000 46.685547
0.150000 -56.292777
0.160000 -55.848948
0.170000 -55.405827
0.180000 -54.963877
0.190000 -54.523545
0.200000 -54.085256
0.210000 -53.649422
0.220000 -53.216432
0.230000 -52.786663
0.240000 -52.360474
0.250000 -51.938206
0.260000 -51.520187
0.270000 -51.106727
0.280000 -50.698123
0.290000 -50.294657
0.300000 1.447639
0.310000 1.476510
0.320000 1.503205
0.330000 1.527788
0.340000 1.550317
0.350000 1.570853
0.360000 1.589453
0.370000 1.606174
0.380000 1.621071
0.390000 1.634198
0.400000 1.645608
0.410000 1.655353
0.420000 1.663484
0.430000 1.670049
0.440000 1.675098
0.450000 1.678678
0.460000 1.680834
0.470000 1.681613
0.480000 1.681057
0.490000 1.679211
0.500000 1.676117
0.510000 1.671816
0.520000 1.666349
0.530000 1.659757
0.540000 1.652079
0.550000 1.643353
0.560000 1.633618
0.570000 1.622910
0.580000 1.611268
0.590000 1.598727
0.600000 1.585324
0.610000 1.571094
0.620000 1.556073
0.630000 1.540295
0.640000 1.523794
0.650000 1.506606
0.660000 1.488764
0.670000 1.470302
0.680000 1.451252
0.690000 1.431649
0.700000 1.411524
0.710000 1.390912
0.720000 1.369843
0.730000 1.348350
0.740000 1.326466
0.750000 1.304221
0.760000 1.281647
0.770000 1.258775
0.780000 1.235636
0.790000 1.212260
0.800000 1.188678
0.810000 1.164918
0.820000 1.141012
0.830000 1.116987
0.840000 1.092872
0.850000 1.068695
0.860000 1.044485
0.870000 1.020267
0.880000 0.996070
0.890000 0.971918
0.900000 0.947837
0.910000 0.923852
0.920000 0.899987
0.930000 0.876267
0.940000 0.852713
0.950000 0.829347
0.960000 0.806192
0.970000 0.783268
0.980000 0.760595
0.990000 0.738191
1.000000 0.716075
1.010000 0.694265
1.020000 0.672776
1.030000 0.651626
1.040000 0.630828
1.050000 0.610398
1.060000 0.590347
1.070000 0.570688
1.080000 0.551433
1.090000 0.532593
1.100000 0.514176
1.110000 0.496193
1.120000 0.478650
1.130000 0.461556
1.140000 0.444916
1.150000 0.428737
1.160000 0.413022
1.170000 0.397777
1.180000 0.383004
1.190000 0.368706
1.200000 0.354884
1.210000 0.341541
1.220000 0.328676
1.230000 0.316288
1.240000 0.304379
1.250000 0.292945
1.260000 0.281985
1.270000 0.271497
1.280000 0.261478
1.290000 0.251923
1.300000 0.242830
1.310000 0.234193
1.320000 0.226009
1.330000 0.218271
1.340000 0.210974
1.350000 0.204112
1.360000 0.197680
1.370000 0.191670
1.380000 0.186076
1.390000 0.180891
1.400000 0.176108
1.410000 0.171720
1.420000 0.167718
1.430000 0.164096
1.440000 0.160846
1.450000 0.157959
1.460000 0.155429
1.470000 0.153246
1.480000 0.151402
1.490000 0.149891
1.500000 0.148703
1.510000 0.147830
1.520000 0.147265
1.530000 0.146999
1.540000 0.147024
1.550000 0.147333
1.560000 0.147918
1.570000 0.148770
1.580000 0.149881
1.590000 0.151245
1.600000 0.152854
1.610000 0.154700
1.620000 0.156776
1.630000 0.159075
1.640000 0.161590
1.650000 0.164313
1.660000 0.167238
1.670000 0.170358
1.680000 0.173667
1.690000 0.177159
1.700000 0.180826
1.710000 0.184663
1.720000 0.188665
1.730000 0.192825
1.740000 0.197137
1.750000 0.201597
1.760000 0.206199
1.770000 0.210937
1.780000 0.215807
1.790000 0.220804
1.800000 0.225923
1.810000 0.231160
1.820000 0.236510
1.830000 0.241968
1.840000 0.247532
1.850000 0.253196
1.860000 0.258958
1.870000 0.264813
1.880000 0.270757
1.890000 0.276788
1.900000 0.282902
1.910000 0.289096
1.920000 0.295367
1.930000 0.301712
1.940000 0.308128
1.950000 0.314613
1.960000 0.321164
1.970000 0.327779
1.980000 0.334455
1.990000 0.341190
2.000000 0.347982
2.010000 0.354830
2.020000 0.361730
2.030000 0.368682
2.040000 0.375684
2.050000 0.382734
2.060000 0.389830
2.070000 0.396972
2.080000 0.404158
2.090000 0.411386
2.100000 0.418656
2.110000 0.425966
2.120000 0.433316
2.130000 0.440703
2.140000 0.448129
2.150000 0.455591
2.160000 0.463089
2.170000 0.470623
2.180000 0.478191
2.190000 0.485794
2.200000 0.493430
2.210000 0.501099
2.220000 0.508802
2.230000 0.516537
2.240000 0.524304
2.250000 0.532103
2.260000 0.539934
2.270000 0.547797
2.280000 0.555691
2.290000 0.563617
2.300000 0.571574
2.310000 0.579563
2.320000 0.587584
2.330000 0.595637
2.340000 0.603721
2.350000 0.611837
2.360000 0.619986
2.370000 0.628167
2.380000 0.636381
2.390000 0.644628
2.400000 0.652909
2.410000 0.661223
2.420000 0.669571
2.430000 0.677954
2.440000 0.686372
2.450000 0.694825
2.460000 0.703314
2.470000 0.711839
2.480000 0.720402
2.490000 0.729001
2.500000 0.737639
2.510000 0.746315
2.520000 0.755030
2.530000 0.763785
2.540000 0.772581
2.550000 0.781417
2.560000 0.790295
2.570000 0.799215
2.580000 0.808178
2.590000 0.817185
2.600000 0.826237
2.610000 0.835333
2.620000 0.844475
2.630000 0.853664
2.640000 0.862900
2.650000 0.872185
2.660000 0.881518
2.670000 0.890901
2.680000 0.900335
2.690000 0.909819
2.700000 0.919356
2.710000 0.928946
2.720000 0.938590
2.730000 0.948289
2.740000 0.958043
2.750000 0.967853
2.760000 0.977721
2.770000 0.987647
2.780000 0.997632
2.790000 1.007677
2.800000 1.017783
2.810000 1.027950
2.820000 1.038181
2.830000 1.048474
2.840000 1.058833
2.850000 1.069257
2.860000 1.079748
2.870000 1.090306
2.880000 1.100932
2.890000 1.111628
2.900000 1.122394
2.910000 1.133231
2.920000 1.144141
2.930000 1.155124
2.940000 1.166181
2.950000 1.177314
2.960000 1.188523
2.970000 1.199810
2.980000 1.211175
2.990000 1.222619


# ЦЕНТРАЛЬНАЯ РАЗНОСТЬ (2-я)
0.110000 -51.520187
0.120000 -51.106727
0.130000 -50.698123
0.140000 -50.294657
0.150000 1.447639
0.160000 1.476510
0.170000 1.503205
0.180000 1.527788
0.190000 1.550317
0.200000 1.570853
0.210000 1.589453
0.220000 1.606174
0.230000 1.621071
0.240000 1.634198
0.250000 1.645608
0.260000 1.655353
0.270000 1.663484
0.280000 1.670049
0.290000 1.675098
0.300000 1.678678
0.310000 1.680834
0.320000 1.681613
0.330000 1.681057
0.340000 1.679211
0.350000 1.676117
0.360000 1.671816
0.370000 1.666349
0.380000 1.659757
0.390000 1.652079
0.400000 1.643353
0.410000 1.633618
0.420000 1.622910
0.430000 1.611268
0.440000 1.598727
0.450000 1.585324
0.460000 1.571094
0.470000 1.556073
0.480000 1.540295
0.490000 1.523794
0.500000 1.506606
0.510000 1.488764
0.520000 1.470302
0.530000 1.451252
0.540000 1.431649
0.550000 1.411524
0.560000 1.390912
0.570000 1.369843
0.580000 1.348350
0.590000 1.326466
0.600000 1.304221
0.610000 1.281647
0.620000 1.258775
0.630000 1.235636
0.640000 1.212260
0.650000 1.188678
0.660000 1.164918
0.670000 1.141012
0.680000 1.116987
0.690000 1.092872
0.700000 1.068695
0.710000 1.044485
0.720000 1.020267
0.730000 0.996070
0.740000 0.971918
0.750000 0.947837
0.760000 0.923852
0.770000 0.899987
0.780000 0.876267
0.790000 0.852713
0.800000 0.829347
0.810000 0.806192
0.820000 0.783268
0.830000 0.760595
0.840000 0.738191
0.850000 0.716075
0.860000 0.694265
0.870000 0.672776
0.880000 0.651626
0.890000 0.630828
0.900000 0.610398
0.910000 0.590347
0.920000 0.570688
0.930000 0.551433
0.940000 0.532593
0.950000 0.514176
0.960000 0.496193
0.970000 0.478650
0.980000 0.461556
0.990000 0.444916
1.000000 0.428737
1.010000 0.413022
1.020000 0.397777
1.030000 0.383004
1.040000 0.368706
1.050000 0.354884
1.060000 0.341541
1.070000 0.328676
1.080000 0.316288
1.090000 0.304379
1.100000 0.292945
1.110000 0.281985
1.120000 0.271497
1.130000 0.261478
1.140000 0.251923
1.150000 0.242830
1.160000 0.234193
1.170000 0.226009
1.180000 0.218271
1.190000 0.210974
1.200000 0.204112
1.210000 0.197680
1.220000 0.191670
1.230000 0.186076
1.240000 0.180891
1.250000 0.176108
1.260000 0.171720
1.270000 0.167718
1.280000 0.164096
1.290000 0.160846
1.300000 0.157959
1.310000 0.155429
1.320000 0.153246
1.330000 0.151402
1.340000 0.149891
1.350000 0.148703
1.360000 0.147830
1.370000 0.147265
1.380000 0.146999
1.390000 0.147024
1.400000 0.147333
1.410000 0.147918
1.420000 0.148770
1.430000 0.149881
1.440000 0.151245
1.450000 0.152854
1.460000 0.154700
1.470000 0.156776
1.480000 0.159075
1.490000 0.161590
1.500000 0.164313
1.510000 0.167238
1.520000 0.170358
1.530000 0.173667
1.540000 0.177159
1.550000 0.180826
1.560000 0.184663
1.570000 0.188665
1.580000 0.192825
1.590000 0.197137
1.600000 0.201597
1.610000 0.206199
1.620000 0.210937
1.630000 0.215807
1.640000 0.220804
1.650000 0.225923
1.660000 0.231160
1.670000 0.236510
1.680000 0.241968
1.690000 0.247532
1.700000 0.253196
1.710000 0.258958
1.720000 0.264813
1.730000 0.270757
1.740000 0.276788
1.750000 0.282902
1.760000 0.289096
1.770000 0.295367
1.780000 0.301712
1.790000 0.308128
1.800000 0.314613
1.810000 0.321164
1.820000 0.327779
1.830000 0.334455
1.840000 0.341190
1.850000 0.347982
1.860000 0.354830
1.870000 0.361730
1.880000 0.368682
1.890000 0.375684
1.900000 0.382734
1.910000 0.389830
1.920000 0.396972
1.930000 0.404158
1.940000 0.411386
1.950000 0.418656
1.960000 0.425966
1.970000 0.433316
1.980000 0.440703
1.990000 0.448129
2.000000 0.455591
2.010000 0.463089
2.020000 0.470623
2.030000 0.478191
2.040000 0.485794
2.050000 0.493430
2.060000 0.501099
2.070000 0.508802
2.080000 0.516537
2.090000 0.524304
2.100000 0.532103
2.110000 0.539934
2.120000 0.547797
2.130000 0.555691
2.140000 0.563617
2.150000 0.571574
2.160000 0.579563
2.170000 0.587584
2.180000 0.595637
2.190000 0.603721
2.200000 0.611837
2.210000 0.619986
2.220000 0.628167
2.230000 0.636381
2.240000 0.644628
2.250000 0.652909
2.260000 0.661223
2.270000 0.669571
2.280000 0.677954
2.290000 0.686372
2.300000 0.694825
2.310000 0.703314
2.320000 0.711839
2.330000 0.720402
2.340000 0.729001
2.350000 0.737639
2.360000 0.746315
2.370000 0.755030
2.380000 0.763785
2.390000 0.772581
2.400000 0.781417
2.410000 0.790295
2.420000 0.799215
2.430000 0.808178
2.440000 0.817185
2.450000 0.826237
2.460000 0.835333
2.470000 0.844475
2.480000 0.853664
2.490000 0.862900
2.500000 0.872185
2.510000 0.881518
2.520000 0.890901
2.530000 0.900335
2.540000 0.909819
2.550000 0.919356
2.560000 0.928946
2.570000 0.938590
2.580000 0.948289
2.590000 0.958043
2.600000 0.967853
2.610000 0.977721
2.620000 0.987647
2.630000 0.997632
2.640000 1.007677
2.650000 1.017783
2.660000 1.027950
2.670000 1.038181
2.680000 1.048474
2.690000 1.058833
2.700000 1.069257
2.710000 1.079748
2.720000 1.090306
2.730000 1.100932
2.740000 1.111628
2.750000 1.122394
2.760000 1.133231
2.770000 1.144141
2.780000 1.155124
2.790000 1.166181
2.800000 1.177314
2.810000 1.188523
2.820000 1.199810
2.830000 1.211175
2.840000 1.222619
2.850000 1.234144
2.860000 1.245751
2.870000 1.257440
2.880000 1.269213
2.890000 1.281070
2.900000 1.293014
2.910000 1.305044
2.920000 1.317162
2.930000 1.329370
2.940000 1.341667
2.950000 1.354056
2.960000 1.366538
2.970000 1.379113
2.980000 1.391782
2.990000 1.404548


# 5-ТОЧЕЧНАЯ (2-я)
0.120000 -63.703519
0.130000 -63.202138
0.140000 -62.707154
0.150000 6.240087
0.160000 6.236604
0.170000 6.230757
0.180000 6.222654
0.190000 6.212398
0.200000 6.200091
0.210000 6.185829
0.220000 6.169710
0.230000 6.151825
0.240000 6.132263
0.250000 6.111114
0.260000 6.088459
0.270000 6.064382
0.280000 6.038962
0.290000 6.012276
0.300000 1.705711
0.310000 1.707006
0.320000 1.706941
0.330000 1.705560
0.340000 1.702903
0.350000 1.699014
0.360000 1.693934
0.370000 1.687701
0.380000 1.680357
0.390000 1.671938
0.400000 1.662484
0.410000 1.652032
0.420000 1.640618
0.430000 1.628279
0.440000 1.615051
0.450000 1.600970
0.460000 1.586070
0.470000 1.570386
0.480000 1.553953
0.490000 1.536804
0.500000 1.518974
0.510000 1.500497
0.520000 1.481405
0.530000 1.461732
0.540000 1.441511
0.550000 1.420774
0.560000 1.399555
0.570000 1.377885
0.580000 1.355797
0.590000 1.333323
0.600000 1.310494
0.610000 1.287342
0.620000 1.263899
0.630000 1.240195
0.640000 1.216261
0.650000 1.192128
0.660000 1.167825
0.670000 1.143383
0.680000 1.118831
0.690000 1.094197
0.700000 1.069511
0.710000 1.044801
0.720000 1.020094
0.730000 0.995417
0.740000 0.970796
0.750000 0.946258
0.760000 0.921828
0.770000 0.897530
0.780000 0.873389
0.790000 0.849427
0.800000 0.825667
0.810000 0.802132
0.820000 0.778841
0.830000 0.755815
0.840000 0.733073
0.850000 0.710635
0.860000 0.688517
0.870000 0.666736
0.880000 0.645308
0.890000 0.624248
0.900000 0.603570
0.910000 0.583288
0.920000 0.563414
0.930000 0.543959
0.940000 0.524934
0.950000 0.506348
0.960000 0.488210
0.970000 0.470528
0.980000 0.453309
0.990000 0.436559
1.000000 0.420284
1.010000 0.404488
1.020000 0.389174
1.030000 0.374347
1.040000 0.360007
1.050000 0.346156
1.060000 0.332795
1.070000 0.319925
1.080000 0.307544
1.090000 0.295652
1.100000 0.284246
1.110000 0.273324
1.120000 0.262883
1.130000 0.252920
1.140000 0.243430
1.150000 0.234410
1.160000 0.225855
1.170000 0.217758
1.180000 0.210115
1.190000 0.202920
1.200000 0.196165
1.210000 0.189845
1.220000 0.183953
1.230000 0.178482
1.240000 0.173423
1.250000 0.168770
1.260000 0.164515
1.270000 0.160649
1.280000 0.157166
1.290000 0.154056
1.300000 0.151312
1.310000 0.148925
1.320000 0.146888
1.330000 0.145190
1.340000 0.143825
1.350000 0.142784
1.360000 0.142059
1.370000 0.141640
1.380000 0.141520
1.390000 0.141691
1.400000 0.142144
1.410000 0.142872
1.420000 0.143866
1.430000 0.145118
1.440000 0.146621
1.450000 0.148367
1.460000 0.150348
1.470000 0.152557
1.480000 0.154987
1.490000 0.157630
1.500000 0.160479
1.510000 0.163528
1.520000 0.166770
1.530000 0.170198
1.540000 0.173805
1.550000 0.177586
1.560000 0.181534
1.570000 0.185644
1.580000 0.189909
1.590000 0.194324
1.600000 0.198884
1.610000 0.203582
1.620000 0.208415
1.630000 0.213376
1.640000 0.218462
1.650000 0.223667
1.660000 0.228986
1.670000 0.234417
1.680000 0.239953
1.690000 0.245592
1.700000 0.251328
1.710000 0.257160
1.720000 0.263082
1.730000 0.269091
1.740000 0.275184
1.750000 0.281358
1.760000 0.287610
1.770000 0.293936
1.780000 0.300334
1.790000 0.306801
1.800000 0.313334
1.810000 0.319931
1.820000 0.326590
1.830000 0.333308
1.840000 0.340083
1.850000 0.346914
1.860000 0.353797
1.870000 0.360732
1.880000 0.367717
1.890000 0.374749
1.900000 0.381829
1.910000 0.388953
1.920000 0.396120
1.930000 0.403330
1.940000 0.410581
1.950000 0.417872
1.960000 0.425202
1.970000 0.432570
1.980000 0.439975
1.990000 0.447417
2.000000 0.454893
2.010000 0.462405
2.020000 0.469951
2.030000 0.477530
2.040000 0.485142
2.050000 0.492787
2.060000 0.500465
2.070000 0.508174
2.080000 0.515914
2.090000 0.523686
2.100000 0.531490
2.110000 0.539324
2.120000 0.547189
2.130000 0.555085
2.140000 0.563011
2.150000 0.570969
2.160000 0.578957
2.170000 0.586976
2.180000 0.595027
2.190000 0.603108
2.200000 0.611221
2.210000 0.619366
2.220000 0.627543
2.230000 0.635751
2.240000 0.643993
2.250000 0.652267
2.260000 0.660574
2.270000 0.668916
2.280000 0.677291
2.290000 0.685700
2.300000 0.694145
2.310000 0.702625
2.320000 0.711141
2.330000 0.719694
2.340000 0.728283
2.350000 0.736910
2.360000 0.745576
2.370000 0.754280
2.380000 0.763023
2.390000 0.771807
2.400000 0.780631
2.410000 0.789497
2.420000 0.798404
2.430000 0.807354
2.440000 0.816348
2.450000 0.825386
2.460000 0.834469
2.470000 0.843597
2.480000 0.852772
2.490000 0.861994
2.500000 0.871264
2.510000 0.880582
2.520000 0.889950
2.530000 0.899369
2.540000 0.908838
2.550000 0.918360
2.560000 0.927934
2.570000 0.937562
2.580000 0.947244
2.590000 0.956982
2.600000 0.966776
2.610000 0.976628
2.620000 0.986537
2.630000 0.996505
2.640000 1.006533
2.650000 1.016621
2.660000 1.026772
2.670000 1.036985
2.680000 1.047261
2.690000 1.057602
2.700000 1.068008
2.710000 1.078481
2.720000 1.089021
2.730000 1.099629
2.740000 1.110306
2.750000 1.121054
2.760000 1.131873
2.770000 1.142764
2.780000 1.153728
2.790000 1.164766
2.800000 1.175880
2.810000 1.187070
2.820000 1.198337
2.830000 1.209683
2.840000 1.221108
2.850000 1.232613
2.860000 1.244199
2.870000 1.255869
2.880000 1.267621
2.890000 1.279459
2.900000 1.291382
2.910000 1.303392
2.920000 1.315489
2.930000 1.327676
2.940000 1.339953
2.950000 1.352321
2.960000 1.364781
2.970000 1.377335
2.980000 1.389983
