# ИСХОДНЫЕ ТОЧКИ
0.060000 2.478000
0.356000 3.471000
0.763000 3.257000
1.096000 1.086000
1.540000 1.291000
2.021000 3.735000
2.354000 0.729000
2.761000 0.684000
3.205000 2.371000
3.464000 3.142000
3.760000 2.846000


# ПЕРВАЯ ПРОИЗВОДНАЯ СПЛАЙНА
0.060000 3.777858
0.065920 3.777350
0.071840 3.775827
0.077760 3.773288
0.083680 3.769734
0.089600 3.765164
0.095520 3.759579
0.101440 3.752978
0.107360 3.745362
0.113280 3.736730
0.119200 3.727082
0.125120 3.716420
0.131040 3.704741
0.136960 3.692047
0.142880 3.678338
0.148800 3.663613
0.154720 3.647873
0.160640 3.631117
0.166560 3.613346
0.172480 3.594559
0.178400 3.574756
0.184320 3.553938
0.190240 3.532105
0.196160 3.509256
0.202080 3.485392
0.208000 3.460512
0.213920 3.434616
0.219840 3.407705
0.225760 3.379779
0.231680 3.350837
0.237600 3.320879
0.243520 3.289906
0.249440 3.257918
0.255360 3.224914
0.261280 3.190895
0.267200 3.155860
0.273120 3.119809
0.279040 3.082743
0.284960 3.044661
0.290880 3.005564
0.296800 2.965452
0.302720 2.924324
0.308640 2.882180
0.314560 2.839021
0.320480 2.794847
0.326400 2.749656
0.332320 2.703451
0.338240 2.656230
0.344160 2.607993
0.350080 2.558741
0.356000 2.508473
0.356000 2.508473
0.364140 2.437111
0.372280 2.362655
0.380420 2.285105
0.388560 2.204463
0.396700 2.120727
0.404840 2.033897
0.412980 1.943975
0.421120 1.850959
0.429260 1.754850
0.437400 1.655648
0.445540 1.553352
0.453680 1.447963
0.461820 1.339481
0.469960 1.227906
0.478100 1.113237
0.486240 0.995475
0.494380 0.874619
0.502520 0.750671
0.510660 0.623629
0.518800 0.493494
0.526940 0.360265
0.535080 0.223944
0.543220 0.084529
0.551360 -0.057980
0.559500 -0.203581
0.567640 -0.352276
0.575780 -0.504064
0.583920 -0.658946
0.592060 -0.816921
0.600200 -0.977989
0.608340 -1.142150
0.616480 -1.309405
0.624620 -1.479752
0.632760 -1.653194
0.640900 -1.829728
0.649040 -2.009356
0.657180 -2.192077
0.665320 -2.377891
0.673460 -2.566799
0.681600 -2.758800
0.689740 -2.953894
0.697880 -3.152081
0.706020 -3.353362
0.714160 -3.557736
0.722300 -3.765203
0.730440 -3.975764
0.738580 -4.189418
0.746720 -4.406165
0.754860 -4.626005
0.763000 -4.848939
0.763000 -4.848939
0.769660 -5.029099
0.776320 -5.202249
0.782980 -5.368389
0.789640 -5.527517
0.796300 -5.679636
0.802960 -5.824743
0.809620 -5.962841
0.816280 -6.093927
0.822940 -6.218003
0.829600 -6.335069
0.836260 -6.445124
0.842920 -6.548168
0.849580 -6.644202
0.856240 -6.733225
0.862900 -6.815238
0.869560 -6.890240
0.876220 -6.958232
0.882880 -7.019213
0.889540 -7.073184
0.896200 -7.120144
0.902860 -7.160093
0.909520 -7.193032
0.916180 -7.218960
0.922840 -7.237878
0.929500 -7.249785
0.936160 -7.254682
0.942820 -7.252568
0.949480 -7.243444
0.956140 -7.227309
0.962800 -7.204163
0.969460 -7.174007
0.976120 -7.136841
0.982780 -7.092663
0.989440 -7.041476
0.996100 -6.983277
1.002760 -6.918069
1.009420 -6.845849
1.016080 -6.766619
1.022740 -6.680379
1.029400 -6.587128
1.036060 -6.486866
1.042720 -6.379594
1.049380 -6.265311
1.056040 -6.144018
1.062700 -6.015714
1.069360 -5.880400
1.076020 -5.738075
1.082680 -5.588740
1.089340 -5.432394
1.096000 -5.269037
1.096000 -5.269037
1.104880 -5.046352
1.113760 -4.823263
1.122640 -4.599768
1.131520 -4.375869
1.140400 -4.151564
1.149280 -3.926855
1.158160 -3.701741
1.167040 -3.476223
1.175920 -3.250299
1.184800 -3.023970
1.193680 -2.797237
1.202560 -2.570099
1.211440 -2.342556
1.220320 -2.114608
1.229200 -1.886255
1.238080 -1.657497
1.246960 -1.428335
1.255840 -1.198768
1.264720 -0.968795
1.273600 -0.738418
1.282480 -0.507636
1.291360 -0.276450
1.300240 -0.044858
1.309120 0.187138
1.318000 0.419540
1.326880 0.652346
1.335760 0.885557
1.344640 1.119173
1.353520 1.353193
1.362400 1.587619
1.371280 1.822449
1.380160 2.057685
1.389040 2.293325
1.397920 2.529370
1.406800 2.765819
1.415680 3.002674
1.424560 3.239934
1.433440 3.477598
1.442320 3.715667
1.451200 3.954141
1.460080 4.193020
1.468960 4.432304
1.477840 4.671993
1.486720 4.912086
1.495600 5.152585
1.504480 5.393488
1.513360 5.634796
1.522240 5.876509
1.531120 6.118626
1.540000 6.361149
1.540000 6.361149
1.549620 6.614677
1.559240 6.849355
1.568860 7.065184
1.578480 7.262163
1.588100 7.440294
1.597720 7.599575
1.607340 7.740006
1.616960 7.861589
1.626580 7.964322
1.636200 8.048206
1.645820 8.113240
1.655440 8.159426
1.665060 8.186762
1.674680 8.195248
1.684300 8.184886
1.693920 8.155674
1.703540 8.107613
1.713160 8.040702
1.722780 7.954942
1.732400 7.850333
1.742020 7.726875
1.751640 7.584567
1.761260 7.423411
1.770880 7.243404
1.780500 7.044549
1.790120 6.826844
1.799740 6.590290
1.809360 6.334887
1.818980 6.060634
1.828600 5.767532
1.838220 5.455581
1.847840 5.124780
1.857460 4.775130
1.867080 4.406631
1.876700 4.019283
1.886320 3.613085
1.895940 3.188038
1.905560 2.744142
1.915180 2.281396
1.924800 1.799802
1.934420 1.299357
1.944040 0.780064
1.953660 0.241921
1.963280 -0.315071
1.972900 -0.890912
1.982520 -1.485603
1.992140 -2.099143
2.001760 -2.731532
2.011380 -3.382770
2.021000 -4.052858
2.021000 -4.052858
2.027660 -4.515146
2.034320 -4.961146
2.040980 -5.390858
2.047640 -5.804282
2.054300 -6.201418
2.060960 -6.582266
2.067620 -6.946826
2.074280 -7.295099
2.080940 -7.627083
2.087600 -7.942780
2.094260 -8.242189
2.100920 -8.525310
2.107580 -8.792143
2.114240 -9.042688
2.120900 -9.276945
2.127560 -9.494914
2.134220 -9.696596
2.140880 -9.881989
2.147540 -10.051095
2.154200 -10.203912
2.160860 -10.340442
2.167520 -10.460684
2.174180 -10.564638
2.180840 -10.652304
2.187500 -10.723683
2.194160 -10.778773
2.200820 -10.817576
2.207480 -10.840090
2.214140 -10.846317
2.220800 -10.836256
2.227460 -10.809906
2.234120 -10.767269
2.240780 -10.708345
2.247440 -10.633132
2.254100 -10.541631
2.260760 -10.433842
2.267420 -10.309766
2.274080 -10.169402
2.280740 -10.012749
2.287400 -9.839809
2.294060 -9.650581
2.300720 -9.445065
2.307380 -9.223261
2.314040 -8.985170
2.320700 -8.730790
2.327360 -8.460122
2.334020 -8.173167
2.340680 -7.869924
2.347340 -7.550392
2.354000 -7.214573
2.354000 -7.214573
2.362140 -6.798261
2.370280 -6.390123
2.378420 -5.990160
2.386560 -5.598371
2.394700 -5.214756
2.402840 -4.839316
2.410980 -4.472050
2.419120 -4.112958
2.427260 -3.762040
2.435400 -3.419297
2.443540 -3.084729
2.451680 -2.758334
2.459820 -2.440114
2.467960 -2.130068
2.476100 -1.828197
2.484240 -1.534500
2.492380 -1.248977
2.500520 -0.971629
2.508660 -0.702455
2.516800 -0.441455
2.524940 -0.188630
2.533080 0.056021
2.541220 0.292498
2.549360 0.520800
2.557500 0.740928
2.565640 0.952882
2.573780 1.156661
2.581920 1.352266
2.590060 1.539697
2.598200 1.718953
2.606340 1.890035
2.614480 2.052943
2.622620 2.207676
2.630760 2.354235
2.638900 2.492620
2.647040 2.622830
2.655180 2.744866
2.663320 2.858728
2.671460 2.964415
2.679600 3.061928
2.687740 3.151267
2.695880 3.232431
2.704020 3.305421
2.712160 3.370237
2.720300 3.426878
2.728440 3.475345
2.736580 3.515637
2.744720 3.547756
2.752860 3.571700
2.761000 3.587469
2.761000 3.587469
2.769880 3.600086
2.778760 3.612447
2.787640 3.624552
2.796520 3.636402
2.805400 3.647996
2.814280 3.659334
2.823160 3.670416
2.832040 3.681243
2.840920 3.691814
2.849800 3.702130
2.858680 3.712190
2.867560 3.721994
2.876440 3.731543
2.885320 3.740835
2.894200 3.749873
2.903080 3.758654
2.911960 3.767180
2.920840 3.775450
2.929720 3.783465
2.938600 3.791223
2.947480 3.798726
2.956360 3.805974
2.965240 3.812966
2.974120 3.819702
2.983000 3.826182
2.991880 3.832407
3.000760 3.838376
3.009640 3.844090
3.018520 3.849547
3.027400 3.854749
3.036280 3.859696
3.045160 3.864386
3.054040 3.868821
3.062920 3.873001
3.071800 3.876925
3.080680 3.880593
3.089560 3.884005
3.098440 3.887162
3.107320 3.890063
3.116200 3.892708
3.125080 3.895098
3.133960 3.897232
3.142840 3.899110
3.151720 3.900732
3.160600 3.902099
3.169480 3.903211
3.178360 3.904066
3.187240 3.904666
3.196120 3.905010
3.205000 3.905099
3.205000 3.905099
3.210180 3.903963
3.215360 3.900600
3.220540 3.895011
3.225720 3.887196
3.230900 3.877154
3.236080 3.864885
3.241260 3.850390
3.246440 3.833669
3.251620 3.814721
3.256800 3.793547
3.261980 3.770146
3.267160 3.744519
3.272340 3.716665
3.277520 3.686585
3.282700 3.654279
3.287880 3.619745
3.293060 3.582986
3.298240 3.544000
3.303420 3.502788
3.308600 3.459349
3.313780 3.413683
3.318960 3.365791
3.324140 3.315673
3.329320 3.263328
3.334500 3.208757
3.339680 3.151959
3.344860 3.092935
3.350040 3.031685
3.355220 2.968208
3.360400 2.902504
3.365580 2.834574
3.370760 2.764418
3.375940 2.692035
3.381120 2.617425
3.386300 2.540589
3.391480 2.461527
3.396660 2.380238
3.401840 2.296723
3.407020 2.210981
3.412200 2.123013
3.417380 2.032819
3.422560 1.940398
3.427740 1.845750
3.432920 1.748876
3.438100 1.649776
3.443280 1.548449
3.448460 1.444895
3.453640 1.339115
3.458820 1.231109
3.464000 1.120876
3.464000 1.120876
3.469920 0.994896
3.475840 0.871461
3.481760 0.750571
3.487680 0.632226
3.493600 0.516427
3.499520 0.403172
3.505440 0.292462
3.511360 0.184297
3.517280 0.078678
3.523200 -0.024397
3.529120 -0.124926
3.535040 -0.222911
3.540960 -0.318350
3.546880 -0.411245
3.552800 -0.501594
3.558720 -0.589398
3.564640 -0.674658
3.570560 -0.757372
3.576480 -0.837541
3.582400 -0.915165
3.588320 -0.990244
3.594240 -1.062778
3.600160 -1.132767
3.606080 -1.200211
3.612000 -1.265110
3.617920 -1.327463
3.623840 -1.387272
3.629760 -1.444536
3.635680 -1.499254
3.641600 -1.551428
3.647520 -1.601056
3.653440 -1.648140
3.659360 -1.692678
3.665280 -1.734672
3.671200 -1.774120
3.677120 -1.811023
3.683040 -1.845381
3.688960 -1.877194
3.694880 -1.906463
3.700800 -1.933186
3.706720 -1.957364
3.712640 -1.978997
3.718560 -1.998084
3.724480 -2.014627
3.730400 -2.028625
3.736320 -2.040078
3.742240 -2.048985
3.748160 -2.055348
3.754080 -2.059166
3.760000 -2.060438


# ТОЧКА ИНТЕРПОЛЯЦИИ
1.285000 -0.442071
