# ИСХОДНЫЕ ТОЧКИ
0.060000 2.478000
0.356000 3.471000
0.763000 3.257000
1.096000 1.086000
1.540000 1.291000
2.021000 3.735000
2.354000 0.729000
2.761000 0.684000
3.205000 2.371000
3.464000 3.142000
3.760000 2.846000


# ВТОРАЯ ПРОИЗВОДНАЯ СПЛАЙНА
0.060000 0.000000
0.062960 -0.085769
0.065920 -0.171538
0.068880 -0.257308
0.071840 -0.343077
0.074800 -0.428846
0.077760 -0.514615
0.080720 -0.600385
0.083680 -0.686154
0.086640 -0.771923
0.089600 -0.857692
0.092560 -0.943461
0.095520 -1.029231
0.098480 -1.115000
0.101440 -1.200769
0.104400 -1.286538
0.107360 -1.372307
0.110320 -1.458077
0.113280 -1.543846
0.116240 -1.629615
0.119200 -1.715384
0.122160 -1.801154
0.125120 -1.886923
0.128080 -1.972692
0.131040 -2.058461
0.134000 -2.144230
0.136960 -2.230000
0.139920 -2.315769
0.142880 -2.401538
0.145840 -2.487307
0.148800 -2.573077
0.151760 -2.658846
0.154720 -2.744615
0.157680 -2.830384
0.160640 -2.916153
0.163600 -3.001923
0.166560 -3.087692
0.169520 -3.173461
0.172480 -3.259230
0.175440 -3.344999
0.178400 -3.430769
0.181360 -3.516538
0.184320 -3.602307
0.187280 -3.688076
0.190240 -3.773846
0.193200 -3.859615
0.196160 -3.945384
0.199120 -4.031153
0.202080 -4.116922
0.205040 -4.202692
0.208000 -4.288461
0.210960 -4.374230
0.213920 -4.459999
0.216880 -4.545769
0.219840 -4.631538
0.222800 -4.717307
0.225760 -4.803076
0.228720 -4.888845
0.231680 -4.974615
0.234640 -5.060384
0.237600 -5.146153
0.240560 -5.231922
0.243520 -5.317691
0.246480 -5.403461
0.249440 -5.489230
0.252400 -5.574999
0.255360 -5.660768
0.258320 -5.746538
0.261280 -5.832307
0.264240 -5.918076
0.267200 -6.003845
0.270160 -6.089614
0.273120 -6.175384
0.276080 -6.261153
0.279040 -6.346922
0.282000 -6.432691
0.284960 -6.518461
0.287920 -6.604230
0.290880 -6.689999
0.293840 -6.775768
0.296800 -6.861537
0.299760 -6.947307
0.302720 -7.033076
0.305680 -7.118845
0.308640 -7.204614
0.311600 -7.290383
0.314560 -7.376153
0.317520 -7.461922
0.320480 -7.547691
0.323440 -7.633460
0.326400 -7.719230
0.329360 -7.804999
0.332320 -7.890768
0.335280 -7.976537
0.338240 -8.062306
0.341200 -8.148076
0.344160 -8.233845
0.347120 -8.319614
0.350080 -8.405383
0.353040 -8.491153
0.356000 -8.576922
0.356000 -8.576922
0.360070 -8.766927
0.364140 -8.956932
0.368210 -9.146937
0.372280 -9.336942
0.376350 -9.526948
0.380420 -9.716953
0.384490 -9.906958
0.388560 -10.096963
0.392630 -10.286968
0.396700 -10.476973
0.400770 -10.666979
0.404840 -10.856984
0.408910 -11.046989
0.412980 -11.236994
0.417050 -11.426999
0.421120 -11.617004
0.425190 -11.807010
0.429260 -11.997015
0.433330 -12.187020
0.437400 -12.377025
0.441470 -12.567030
0.445540 -12.757035
0.449610 -12.947041
0.453680 -13.137046
0.457750 -13.327051
0.461820 -13.517056
0.465890 -13.707061
0.469960 -13.897067
0.474030 -14.087072
0.478100 -14.277077
0.482170 -14.467082
0.486240 -14.657087
0.490310 -14.847092
0.494380 -15.037098
0.498450 -15.227103
0.502520 -15.417108
0.506590 -15.607113
0.510660 -15.797118
0.514730 -15.987123
0.518800 -16.177129
0.522870 -16.367134
0.526940 -16.557139
0.531010 -16.747144
0.535080 -16.937149
0.539150 -17.127154
0.543220 -17.317160
0.547290 -17.507165
0.551360 -17.697170
0.555430 -17.887175
0.559500 -18.077180
0.563570 -18.267185
0.567640 -18.457191
0.571710 -18.647196
0.575780 -18.837201
0.579850 -19.027206
0.583920 -19.217211
0.587990 -19.407216
0.592060 -19.597222
0.596130 -19.787227
0.600200 -19.977232
0.604270 -20.167237
0.608340 -20.357242
0.612410 -20.547247
0.616480 -20.737253
0.620550 -20.927258
0.624620 -21.117263
0.628690 -21.307268
0.632760 -21.497273
0.636830 -21.687278
0.640900 -21.877284
0.644970 -22.067289
0.649040 -22.257294
0.653110 -22.447299
0.657180 -22.637304
0.661250 -22.827310
0.665320 -23.017315
0.669390 -23.207320
0.673460 -23.397325
0.677530 -23.587330
0.681600 -23.777335
0.685670 -23.967341
0.689740 -24.157346
0.693810 -24.347351
0.697880 -24.537356
0.701950 -24.727361
0.706020 -24.917366
0.710090 -25.107372
0.714160 -25.297377
0.718230 -25.487382
0.722300 -25.677387
0.726370 -25.867392
0.730440 -26.057397
0.734510 -26.247403
0.738580 -26.437408
0.742650 -26.627413
0.746720 -26.817418
0.750790 -27.007423
0.754860 -27.197428
0.758930 -27.387434
0.763000 -27.577439
0.763000 -27.577439
0.766330 -27.051121
0.769660 -26.524803
0.772990 -25.998486
0.776320 -25.472168
0.779650 -24.945851
0.782980 -24.419533
0.786310 -23.893215
0.789640 -23.366898
0.792970 -22.840580
0.796300 -22.314262
0.799630 -21.787945
0.802960 -21.261627
0.806290 -20.735309
0.809620 -20.208992
0.812950 -19.682674
0.816280 -19.156356
0.819610 -18.630039
0.822940 -18.103721
0.826270 -17.577403
0.829600 -17.051086
0.832930 -16.524768
0.836260 -15.998451
0.839590 -15.472133
0.842920 -14.945815
0.846250 -14.419498
0.849580 -13.893180
0.852910 -13.366862
0.856240 -12.840545
0.859570 -12.314227
0.862900 -11.787909
0.866230 -11.261592
0.869560 -10.735274
0.872890 -10.208956
0.876220 -9.682639
0.879550 -9.156321
0.882880 -8.630003
0.886210 -8.103686
0.889540 -7.577368
0.892870 -7.051050
0.896200 -6.524733
0.899530 -5.998415
0.902860 -5.472098
0.906190 -4.945780
0.909520 -4.419462
0.912850 -3.893145
0.916180 -3.366827
0.919510 -2.840509
0.922840 -2.314192
0.926170 -1.787874
0.929500 -1.261556
0.932830 -0.735239
0.936160 -0.208921
0.939490 0.317397
0.942820 0.843714
0.946150 1.370032
0.949480 1.896350
0.952810 2.422667
0.956140 2.948985
0.959470 3.475302
0.962800 4.001620
0.966130 4.527938
0.969460 5.054255
0.972790 5.580573
0.976120 6.106891
0.979450 6.633208
0.982780 7.159526
0.986110 7.685844
0.989440 8.212161
0.992770 8.738479
0.996100 9.264797
0.999430 9.791114
1.002760 10.317432
1.006090 10.843750
1.009420 11.370067
1.012750 11.896385
1.016080 12.422703
1.019410 12.949020
1.022740 13.475338
1.026070 14.001655
1.029400 14.527973
1.032730 15.054291
1.036060 15.580608
1.039390 16.106926
1.042720 16.633244
1.046050 17.159561
1.049380 17.685879
1.052710 18.212197
1.056040 18.738514
1.059370 19.264832
1.062700 19.791150
1.066030 20.317467
1.069360 20.843785
1.072690 21.370103
1.076020 21.896420
1.079350 22.422738
1.082680 22.949055
1.086010 23.475373
1.089340 24.001691
1.092670 24.528008
1.096000 25.054326
1.096000 25.054326
1.100440 25.077122
1.104880 25.099918
1.109320 25.122713
1.113760 25.145509
1.118200 25.168305
1.122640 25.191101
1.127080 25.213896
1.131520 25.236692
1.135960 25.259488
1.140400 25.282284
1.144840 25.305079
1.149280 25.327875
1.153720 25.350671
1.158160 25.373466
1.162600 25.396262
1.167040 25.419058
1.171480 25.441854
1.175920 25.464649
1.180360 25.487445
1.184800 25.510241
1.189240 25.533037
1.193680 25.555832
1.198120 25.578628
1.202560 25.601424
1.207000 25.624220
1.211440 25.647015
1.215880 25.669811
1.220320 25.692607
1.224760 25.715403
1.229200 25.738198
1.233640 25.760994
1.238080 25.783790
1.242520 25.806586
1.246960 25.829381
1.251400 25.852177
1.255840 25.874973
1.260280 25.897769
1.264720 25.920564
1.269160 25.943360
1.273600 25.966156
1.278040 25.988952
1.282480 26.011747
1.286920 26.034543
1.291360 26.057339
1.295800 26.080135
1.300240 26.102930
1.304680 26.125726
1.309120 26.148522
1.313560 26.171318
1.318000 26.194113
1.322440 26.216909
1.326880 26.239705
1.331320 26.262500
1.335760 26.285296
1.340200 26.308092
1.344640 26.330888
1.349080 26.353683
1.353520 26.376479
1.357960 26.399275
1.362400 26.422071
1.366840 26.444866
1.371280 26.467662
1.375720 26.490458
1.380160 26.513254
1.384600 26.536049
1.389040 26.558845
1.393480 26.581641
1.397920 26.604437
1.402360 26.627232
1.406800 26.650028
1.411240 26.672824
1.415680 26.695620
1.420120 26.718415
1.424560 26.741211
1.429000 26.764007
1.433440 26.786803
1.437880 26.809598
1.442320 26.832394
1.446760 26.855190
1.451200 26.877986
1.455640 26.900781
1.460080 26.923577
1.464520 26.946373
1.468960 26.969169
1.473400 26.991964
1.477840 27.014760
1.482280 27.037556
1.486720 27.060352
1.491160 27.083147
1.495600 27.105943
1.500040 27.128739
1.504480 27.151534
1.508920 27.174330
1.513360 27.197126
1.517800 27.219922
1.522240 27.242717
1.526680 27.265513
1.531120 27.288309
1.535560 27.311105
1.540000 27.333900
1.540000 27.333900
1.544810 26.354208
1.549620 25.374515
1.554430 24.394822
1.559240 23.415129
1.564050 22.435436
1.568860 21.455743
1.573670 20.476050
1.578480 19.496358
1.583290 18.516665
1.588100 17.536972
1.592910 16.557279
1.597720 15.577586
1.602530 14.597893
1.607340 13.618200
1.612150 12.638508
1.616960 11.658815
1.621770 10.679122
1.626580 9.699429
1.631390 8.719736
1.636200 7.740043
1.641010 6.760350
1.645820 5.780658
1.650630 4.800965
1.655440 3.821272
1.660250 2.841579
1.665060 1.861886
1.669870 0.882193
1.674680 -0.097500
1.679490 -1.077192
1.684300 -2.056885
1.689110 -3.036578
1.693920 -4.016271
1.698730 -4.995964
1.703540 -5.975657
1.708350 -6.955350
1.713160 -7.935042
1.717970 -8.914735
1.722780 -9.894428
1.727590 -10.874121
1.732400 -11.853814
1.737210 -12.833507
1.742020 -13.813200
1.746830 -14.792892
1.751640 -15.772585
1.756450 -16.752278
1.761260 -17.731971
1.766070 -18.711664
1.770880 -19.691357
1.775690 -20.671050
1.780500 -21.650742
1.785310 -22.630435
1.790120 -23.610128
1.794930 -24.589821
1.799740 -25.569514
1.804550 -26.549207
1.809360 -27.528900
1.814170 -28.508592
1.818980 -29.488285
1.823790 -30.467978
1.828600 -31.447671
1.833410 -32.427364
1.838220 -33.407057
1.843030 -34.386750
1.847840 -35.366443
1.852650 -36.346135
1.857460 -37.325828
1.862270 -38.305521
1.867080 -39.285214
1.871890 -40.264907
1.876700 -41.244600
1.881510 -42.224293
1.886320 -43.203985
1.891130 -44.183678
1.895940 -45.163371
1.900750 -46.143064
1.905560 -47.122757
1.910370 -48.102450
1.915180 -49.082143
1.919990 -50.061835
1.924800 -51.041528
1.929610 -52.021221
1.934420 -53.000914
1.939230 -53.980607
1.944040 -54.960300
1.948850 -55.939993
1.953660 -56.919685
1.958470 -57.899378
1.963280 -58.879071
1.968090 -59.858764
1.972900 -60.838457
1.977710 -61.818150
1.982520 -62.797843
1.987330 -63.777535
1.992140 -64.757228
1.996950 -65.736921
2.001760 -66.716614
2.006570 -67.696307
2.011380 -68.676000
2.016190 -69.655693
2.021000 -70.635385
2.021000 -70.635385
2.024330 -69.412571
2.027660 -68.189756
2.030990 -66.966941
2.034320 -65.744126
2.037650 -64.521311
2.040980 -63.298496
2.044310 -62.075681
2.047640 -60.852866
2.050970 -59.630051
2.054300 -58.407236
2.057630 -57.184422
2.060960 -55.961607
2.064290 -54.738792
2.067620 -53.515977
2.070950 -52.293162
2.074280 -51.070347
2.077610 -49.847532
2.080940 -48.624717
2.084270 -47.401902
2.087600 -46.179087
2.090930 -44.956273
2.094260 -43.733458
2.097590 -42.510643
2.100920 -41.287828
2.104250 -40.065013
2.107580 -38.842198
2.110910 -37.619383
2.114240 -36.396568
2.117570 -35.173753
2.120900 -33.950939
2.124230 -32.728124
2.127560 -31.505309
2.130890 -30.282494
2.134220 -29.059679
2.137550 -27.836864
2.140880 -26.614049
2.144210 -25.391234
2.147540 -24.168419
2.150870 -22.945604
2.154200 -21.722790
2.157530 -20.499975
2.160860 -19.277160
2.164190 -18.054345
2.167520 -16.831530
2.170850 -15.608715
2.174180 -14.385900
2.177510 -13.163085
2.180840 -11.940270
2.184170 -10.717456
2.187500 -9.494641
2.190830 -8.271826
2.194160 -7.049011
2.197490 -5.826196
2.200820 -4.603381
2.204150 -3.380566
2.207480 -2.157751
2.210810 -0.934936
2.214140 0.287879
2.217470 1.510693
2.220800 2.733508
2.224130 3.956323
2.227460 5.179138
2.230790 6.401953
2.234120 7.624768
2.237450 8.847583
2.240780 10.070398
2.244110 11.293213
2.247440 12.516028
2.250770 13.738842
2.254100 14.961657
2.257430 16.184472
2.260760 17.407287
2.264090 18.630102
2.267420 19.852917
2.270750 21.075732
2.274080 22.298547
2.277410 23.521362
2.280740 24.744176
2.284070 25.966991
2.287400 27.189806
2.290730 28.412621
2.294060 29.635436
2.297390 30.858251
2.300720 32.081066
2.304050 33.303881
2.307380 34.526696
2.310710 35.749511
2.314040 36.972325
2.317370 38.195140
2.320700 39.417955
2.324030 40.640770
2.327360 41.863585
2.330690 43.086400
2.334020 44.309215
2.337350 45.532030
2.340680 46.754845
2.344010 47.977659
2.347340 49.200474
2.350670 50.423289
2.354000 51.646104
2.354000 51.646104
2.358070 51.143995
2.362140 50.641886
2.366210 50.139777
2.370280 49.637667
2.374350 49.135558
2.378420 48.633449
2.382490 48.131340
2.386560 47.629231
2.390630 47.127122
2.394700 46.625012
2.398770 46.122903
2.402840 45.620794
2.406910 45.118685
2.410980 44.616576
2.415050 44.114466
2.419120 43.612357
2.423190 43.110248
2.427260 42.608139
2.431330 42.106030
2.435400 41.603921
2.439470 41.101811
2.443540 40.599702
2.447610 40.097593
2.451680 39.595484
2.455750 39.093375
2.459820 38.591265
2.463890 38.089156
2.467960 37.587047
2.472030 37.084938
2.476100 36.582829
2.480170 36.080720
2.484240 35.578610
2.488310 35.076501
2.492380 34.574392
2.496450 34.072283
2.500520 33.570174
2.504590 33.068064
2.508660 32.565955
2.512730 32.063846
2.516800 31.561737
2.520870 31.059628
2.524940 30.557518
2.529010 30.055409
2.533080 29.553300
2.537150 29.051191
2.541220 28.549082
2.545290 28.046973
2.549360 27.544863
2.553430 27.042754
2.557500 26.540645
2.561570 26.038536
2.565640 25.536427
2.569710 25.034317
2.573780 24.532208
2.577850 24.030099
2.581920 23.527990
2.585990 23.025881
2.590060 22.523772
2.594130 22.021662
2.598200 21.519553
2.602270 21.017444
2.606340 20.515335
2.610410 20.013226
2.614480 19.511116
2.618550 19.009007
2.622620 18.506898
2.626690 18.004789
2.630760 17.502680
2.634830 17.000571
2.638900 16.498461
2.642970 15.996352
2.647040 15.494243
2.651110 14.992134
2.655180 14.490025
2.659250 13.987915
2.663320 13.485806
2.667390 12.983697
2.671460 12.481588
2.675530 11.979479
2.679600 11.477370
2.683670 10.975260
2.687740 10.473151
2.691810 9.971042
2.695880 9.468933
2.699950 8.966824
2.704020 8.464714
2.708090 7.962605
2.712160 7.460496
2.716230 6.958387
2.720300 6.456278
2.724370 5.954169
2.728440 5.452059
2.732510 4.949950
2.736580 4.447841
2.740650 3.945732
2.744720 3.443623
2.748790 2.941513
2.752860 2.439404
2.756930 1.937295
2.761000 1.435186
2.761000 1.435186
2.765440 1.420790
2.769880 1.406394
2.774320 1.391998
2.778760 1.377602
2.783200 1.363206
2.787640 1.348809
2.792080 1.334413
2.796520 1.320017
2.800960 1.305621
2.805400 1.291225
2.809840 1.276829
2.814280 1.262433
2.818720 1.248037
2.823160 1.233641
2.827600 1.219245
2.832040 1.204849
2.836480 1.190453
2.840920 1.176057
2.845360 1.161661
2.849800 1.147265
2.854240 1.132868
2.858680 1.118472
2.863120 1.104076
2.867560 1.089680
2.872000 1.075284
2.876440 1.060888
2.880880 1.046492
2.885320 1.032096
2.889760 1.017700
2.894200 1.003304
2.898640 0.988908
2.903080 0.974512
2.907520 0.960116
2.911960 0.945720
2.916400 0.931324
2.920840 0.916927
2.925280 0.902531
2.929720 0.888135
2.934160 0.873739
2.938600 0.859343
2.943040 0.844947
2.947480 0.830551
2.951920 0.816155
2.956360 0.801759
2.960800 0.787363
2.965240 0.772967
2.969680 0.758571
2.974120 0.744175
2.978560 0.729779
2.983000 0.715383
2.987440 0.700987
2.991880 0.686590
2.996320 0.672194
3.000760 0.657798
3.005200 0.643402
3.009640 0.629006
3.014080 0.614610
3.018520 0.600214
3.022960 0.585818
3.027400 0.571422
3.031840 0.557026
3.036280 0.542630
3.040720 0.528234
3.045160 0.513838
3.049600 0.499442
3.054040 0.485046
3.058480 0.470649
3.062920 0.456253
3.067360 0.441857
3.071800 0.427461
3.076240 0.413065
3.080680 0.398669
3.085120 0.384273
3.089560 0.369877
3.094000 0.355481
3.098440 0.341085
3.102880 0.326689
3.107320 0.312293
3.111760 0.297897
3.116200 0.283501
3.120640 0.269105
3.125080 0.254708
3.129520 0.240312
3.133960 0.225916
3.138400 0.211520
3.142840 0.197124
3.147280 0.182728
3.151720 0.168332
3.156160 0.153936
3.160600 0.139540
3.165040 0.125144
3.169480 0.110748
3.173920 0.096352
3.178360 0.081956
3.182800 0.067560
3.187240 0.053164
3.191680 0.038767
3.196120 0.024371
3.200560 0.009975
3.205000 -0.004421
3.205000 -0.004421
3.207590 -0.219330
3.210180 -0.434240
3.212770 -0.649149
3.215360 -0.864059
3.217950 -1.078968
3.220540 -1.293878
3.223130 -1.508787
3.225720 -1.723697
3.228310 -1.938606
3.230900 -2.153516
3.233490 -2.368425
3.236080 -2.583334
3.238670 -2.798244
3.241260 -3.013153
3.243850 -3.228063
3.246440 -3.442972
3.249030 -3.657882
3.251620 -3.872791
3.254210 -4.087701
3.256800 -4.302610
3.259390 -4.517520
3.261980 -4.732429
3.264570 -4.947339
3.267160 -5.162248
3.269750 -5.377158
3.272340 -5.592067
3.274930 -5.806977
3.277520 -6.021886
3.280110 -6.236796
3.282700 -6.451705
3.285290 -6.666615
3.287880 -6.881524
3.290470 -7.096433
3.293060 -7.311343
3.295650 -7.526252
3.298240 -7.741162
3.300830 -7.956071
3.303420 -8.170981
3.306010 -8.385890
3.308600 -8.600800
3.311190 -8.815709
3.313780 -9.030619
3.316370 -9.245528
3.318960 -9.460438
3.321550 -9.675347
3.324140 -9.890257
3.326730 -10.105166
3.329320 -10.320076
3.331910 -10.534985
3.334500 -10.749895
3.337090 -10.964804
3.339680 -11.179714
3.342270 -11.394623
3.344860 -11.609532
3.347450 -11.824442
3.350040 -12.039351
3.352630 -12.254261
3.355220 -12.469170
3.357810 -12.684080
3.360400 -12.898989
3.362990 -13.113899
3.365580 -13.328808
3.368170 -13.543718
3.370760 -13.758627
3.373350 -13.973537
3.375940 -14.188446
3.378530 -14.403356
3.381120 -14.618265
3.383710 -14.833175
3.386300 -15.048084
3.388890 -15.262994
3.391480 -15.477903
3.394070 -15.692813
3.396660 -15.907722
3.399250 -16.122631
3.401840 -16.337541
3.404430 -16.552450
3.407020 -16.767360
3.409610 -16.982269
3.412200 -17.197179
3.414790 -17.412088
3.417380 -17.626998
3.419970 -17.841907
3.422560 -18.056817
3.425150 -18.271726
3.427740 -18.486636
3.430330 -18.701545
3.432920 -18.916455
3.435510 -19.131364
3.438100 -19.346274
3.440690 -19.561183
3.443280 -19.776093
3.445870 -19.991002
3.448460 -20.205912
3.451050 -20.420821
3.453640 -20.635730
3.456230 -20.850640
3.458820 -21.065549
3.461410 -21.280459
3.464000 -21.495368
3.464000 -21.495368
3.466960 -21.280415
3.469920 -21.065461
3.472880 -20.850507
3.475840 -20.635554
3.478800 -20.420600
3.481760 -20.205646
3.484720 -19.990693
3.487680 -19.775739
3.490640 -19.560785
3.493600 -19.345832
3.496560 -19.130878
3.499520 -18.915924
3.502480 -18.700970
3.505440 -18.486017
3.508400 -18.271063
3.511360 -18.056109
3.514320 -17.841156
3.517280 -17.626202
3.520240 -17.411248
3.523200 -17.196295
3.526160 -16.981341
3.529120 -16.766387
3.532080 -16.551434
3.535040 -16.336480
3.538000 -16.121526
3.540960 -15.906573
3.543920 -15.691619
3.546880 -15.476665
3.549840 -15.261712
3.552800 -15.046758
3.555760 -14.831804
3.558720 -14.616850
3.561680 -14.401897
3.564640 -14.186943
3.567600 -13.971989
3.570560 -13.757036
3.573520 -13.542082
3.576480 -13.327128
3.579440 -13.112175
3.582400 -12.897221
3.585360 -12.682267
3.588320 -12.467314
3.591280 -12.252360
3.594240 -12.037406
3.597200 -11.822453
3.600160 -11.607499
3.603120 -11.392545
3.606080 -11.177592
3.609040 -10.962638
3.612000 -10.747684
3.614960 -10.532731
3.617920 -10.317777
3.620880 -10.102823
3.623840 -9.887869
3.626800 -9.672916
3.629760 -9.457962
3.632720 -9.243008
3.635680 -9.028055
3.638640 -8.813101
3.641600 -8.598147
3.644560 -8.383194
3.647520 -8.168240
3.650480 -7.953286
3.653440 -7.738333
3.656400 -7.523379
3.659360 -7.308425
3.662320 -7.093472
3.665280 -6.878518
3.668240 -6.663564
3.671200 -6.448611
3.674160 -6.233657
3.677120 -6.018703
3.680080 -5.803749
3.683040 -5.588796
3.686000 -5.373842
3.688960 -5.158888
3.691920 -4.943935
3.694880 -4.728981
3.697840 -4.514027
3.700800 -4.299074
3.703760 -4.084120
3.706720 -3.869166
3.709680 -3.654213
3.712640 -3.439259
3.715600 -3.224305
3.718560 -3.009352
3.721520 -2.794398
3.724480 -2.579444
3.727440 -2.364491
3.730400 -2.149537
3.733360 -1.934583
3.736320 -1.719629
3.739280 -1.504676
3.742240 -1.289722
3.745200 -1.074768
3.748160 -0.859815
3.751120 -0.644861
3.754080 -0.429907
3.757040 -0.214954
3.760000 -0.000000


# ТОЧКА ИНТЕРПОЛЯЦИИ
1.285000 26.024685
