# АНАЛИТИЧЕСКАЯ ВТОРАЯ ПРОИЗВОДНАЯ
0.100000 1.316366
0.110000 1.355784
0.120000 1.392722
0.130000 1.427249
0.140000 1.459430
0.150000 1.489333
0.160000 1.517021
0.170000 1.542559
0.180000 1.566007
0.190000 1.587427
0.200000 1.606877
0.210000 1.624416
0.220000 1.640100
0.230000 1.653985
0.240000 1.666124
0.250000 1.676569
0.260000 1.685373
0.270000 1.692584
0.280000 1.698252
0.290000 1.702424
0.300000 1.705147
0.310000 1.706465
0.320000 1.706424
0.330000 1.705067
0.340000 1.702436
0.350000 1.698572
0.360000 1.693516
0.370000 1.687309
0.380000 1.679989
0.390000 1.671594
0.400000 1.662163
0.410000 1.651733
0.420000 1.640340
0.430000 1.628022
0.440000 1.614812
0.450000 1.600748
0.460000 1.585864
0.470000 1.570194
0.480000 1.553773
0.490000 1.536636
0.500000 1.518815
0.510000 1.500345
0.520000 1.481259
0.530000 1.461590
0.540000 1.441372
0.550000 1.420636
0.560000 1.399415
0.570000 1.377743
0.580000 1.355651
0.590000 1.333171
0.600000 1.310335
0.610000 1.287175
0.620000 1.263722
0.630000 1.240007
0.640000 1.216061
0.650000 1.191915
0.660000 1.167599
0.670000 1.143143
0.680000 1.118577
0.690000 1.093928
0.700000 1.069227
0.710000 1.044501
0.720000 1.019779
0.730000 0.995086
0.740000 0.970451
0.750000 0.945898
0.760000 0.921453
0.770000 0.897142
0.780000 0.872988
0.790000 0.849013
0.800000 0.825242
0.810000 0.801696
0.820000 0.778395
0.830000 0.755360
0.840000 0.732611
0.850000 0.710166
0.860000 0.688042
0.870000 0.666257
0.880000 0.644826
0.890000 0.623764
0.900000 0.603085
0.910000 0.582804
0.920000 0.562931
0.930000 0.543479
0.940000 0.524457
0.950000 0.505876
0.960000 0.487744
0.970000 0.470069
0.980000 0.452858
0.990000 0.436117
1.000000 0.419851
1.010000 0.404065
1.020000 0.388762
1.030000 0.373946
1.040000 0.359619
1.050000 0.345781
1.060000 0.332434
1.070000 0.319577
1.080000 0.307210
1.090000 0.295332
1.100000 0.283941
1.110000 0.273034
1.120000 0.262608
1.130000 0.252660
1.140000 0.243185
1.150000 0.234180
1.160000 0.225640
1.170000 0.217558
1.180000 0.209929
1.190000 0.202748
1.200000 0.196008
1.210000 0.189702
1.220000 0.183823
1.230000 0.178364
1.240000 0.173319
1.250000 0.168678
1.260000 0.164435
1.270000 0.160581
1.280000 0.157109
1.290000 0.154010
1.300000 0.151276
1.310000 0.148899
1.320000 0.146870
1.330000 0.145182
1.340000 0.143826
1.350000 0.142792
1.360000 0.142074
1.370000 0.141663
1.380000 0.141549
1.390000 0.141726
1.400000 0.142185
1.410000 0.142918
1.420000 0.143917
1.430000 0.145174
1.440000 0.146681
1.450000 0.148431
1.460000 0.150416
1.470000 0.152628
1.480000 0.155060
1.490000 0.157706
1.500000 0.160557
1.510000 0.163608
1.520000 0.166852
1.530000 0.170281
1.540000 0.173889
1.550000 0.177671
1.560000 0.181620
1.570000 0.185730
1.580000 0.189996
1.590000 0.194411
1.600000 0.198970
1.610000 0.203668
1.620000 0.208501
1.630000 0.213461
1.640000 0.218546
1.650000 0.223750
1.660000 0.229069
1.670000 0.234499
1.680000 0.240034
1.690000 0.245672
1.700000 0.251407
1.710000 0.257237
1.720000 0.263158
1.730000 0.269166
1.740000 0.275258
1.750000 0.281430
1.760000 0.287680
1.770000 0.294005
1.780000 0.300401
1.790000 0.306867
1.800000 0.313398
1.810000 0.319994
1.820000 0.326651
1.830000 0.333368
1.840000 0.340142
1.850000 0.346971
1.860000 0.353853
1.870000 0.360786
1.880000 0.367769
1.890000 0.374800
1.900000 0.381878
1.910000 0.389001
1.920000 0.396167
1.930000 0.403375
1.940000 0.410625
1.950000 0.417915
1.960000 0.425243
1.970000 0.432610
1.980000 0.440014
1.990000 0.447454
2.000000 0.454929
2.010000 0.462440
2.020000 0.469984
2.030000 0.477563
2.040000 0.485174
2.050000 0.492818
2.060000 0.500494
2.070000 0.508202
2.080000 0.515942
2.090000 0.523713
2.100000 0.531515
2.110000 0.539348
2.120000 0.547213
2.130000 0.555108
2.140000 0.563033
2.150000 0.570990
2.160000 0.578978
2.170000 0.586996
2.180000 0.595046
2.190000 0.603127
2.200000 0.611239
2.210000 0.619383
2.220000 0.627559
2.230000 0.635767
2.240000 0.644008
2.250000 0.652282
2.260000 0.660589
2.270000 0.668929
2.280000 0.677304
2.290000 0.685713
2.300000 0.694157
2.310000 0.702637
2.320000 0.711152
2.330000 0.719704
2.340000 0.728294
2.350000 0.736920
2.360000 0.745585
2.370000 0.754289
2.380000 0.763032
2.390000 0.771815
2.400000 0.780639
2.410000 0.789505
2.420000 0.798412
2.430000 0.807362
2.440000 0.816355
2.450000 0.825393
2.460000 0.834476
2.470000 0.843604
2.480000 0.852778
2.490000 0.862000
2.500000 0.871270
2.510000 0.880588
2.520000 0.889956
2.530000 0.899374
2.540000 0.908844
2.550000 0.918365
2.560000 0.927939
2.570000 0.937567
2.580000 0.947249
2.590000 0.956987
2.600000 0.966781
2.610000 0.976632
2.620000 0.986541
2.630000 0.996509
2.640000 1.006537
2.650000 1.016626
2.660000 1.026776
2.670000 1.036989
2.680000 1.047265
2.690000 1.057606
2.700000 1.068012
2.710000 1.078485
2.720000 1.089024
2.730000 1.099632
2.740000 1.110310
2.750000 1.121057
2.760000 1.131876
2.770000 1.142767
2.780000 1.153732
2.790000 1.164770
2.800000 1.175884
2.810000 1.187074
2.820000 1.198341
2.830000 1.209686
2.840000 1.221111
2.850000 1.232616
2.860000 1.244203
2.870000 1.255872
2.880000 1.267625
2.890000 1.279462
2.900000 1.291385
2.910000 1.303395
2.920000 1.315493
2.930000 1.327680
2.940000 1.339957
2.950000 1.352325
2.960000 1.364785
2.970000 1.377339
2.980000 1.389987
2.990000 1.402731
3.000000 1.415572


# ЧИСЛЕННАЯ ВТОРАЯ ПРОИЗВОДНАЯ - ПРАВАЯ РАЗНОСТЬ
0.100000 1.544879
0.110000 1.567586
0.120000 1.588289
0.130000 1.607044
0.140000 1.623911
0.150000 1.638944
0.160000 1.652199
0.170000 1.663728
0.180000 1.673583
0.190000 1.681816
0.200000 1.688476
0.210000 1.693610
0.220000 1.697268
0.230000 1.699493
0.240000 1.700332
0.250000 1.699829
0.260000 1.698027
0.270000 1.694967
0.280000 1.690692
0.290000 1.685241
0.300000 1.678654
0.310000 1.670971
0.320000 1.662230
0.330000 1.652469
0.340000 1.641724
0.350000 1.630033
0.360000 1.617432
0.370000 1.603956
0.380000 1.589641
0.390000 1.574522
0.400000 1.558633
0.410000 1.542009
0.420000 1.524684
0.430000 1.506692
0.440000 1.488066
0.450000 1.468839
0.460000 1.449046
0.470000 1.428717
0.480000 1.407888
0.490000 1.386589
0.500000 1.364853
0.510000 1.342713
0.520000 1.320199
0.530000 1.297345
0.540000 1.274181
0.550000 1.250738
0.560000 1.227048
0.570000 1.203141
0.580000 1.179047
0.590000 1.154796
0.600000 1.130418
0.610000 1.105942
0.620000 1.081397
0.630000 1.056811
0.640000 1.032212
0.650000 1.007627
0.660000 0.983082
0.670000 0.958605
0.680000 0.934221
0.690000 0.909954
0.700000 0.885829
0.710000 0.861869
0.720000 0.838097
0.730000 0.814536
0.740000 0.791206
0.750000 0.768129
0.760000 0.745323
0.770000 0.722809
0.780000 0.700603
0.790000 0.678723
0.800000 0.657185
0.810000 0.636005
0.820000 0.615197
0.830000 0.594775
0.840000 0.574752
0.850000 0.555139
0.860000 0.535948
0.870000 0.517189
0.880000 0.498870
0.890000 0.481000
0.900000 0.463587
0.910000 0.446637
0.920000 0.430156
0.930000 0.414149
0.940000 0.398620
0.950000 0.383572
0.960000 0.369009
0.970000 0.354931
0.980000 0.341340
0.990000 0.328237
1.000000 0.315621
1.010000 0.303492
1.020000 0.291847
1.030000 0.280686
1.040000 0.270005
1.050000 0.259801
1.060000 0.250070
1.070000 0.240809
1.080000 0.232013
1.090000 0.223677
1.100000 0.215795
1.110000 0.208362
1.120000 0.201372
1.130000 0.194818
1.140000 0.188694
1.150000 0.182992
1.160000 0.177706
1.170000 0.172828
1.180000 0.168350
1.190000 0.164266
1.200000 0.160566
1.210000 0.157243
1.220000 0.154289
1.230000 0.151696
1.240000 0.149455
1.250000 0.147559
1.260000 0.145998
1.270000 0.144765
1.280000 0.143852
1.290000 0.143249
1.300000 0.142949
1.310000 0.142944
1.320000 0.143225
1.330000 0.143784
1.340000 0.144614
1.350000 0.145706
1.360000 0.147053
1.370000 0.148646
1.380000 0.150479
1.390000 0.152544
1.400000 0.154834
1.410000 0.157340
1.420000 0.160057
1.430000 0.162978
1.440000 0.166094
1.450000 0.169401
1.460000 0.172891
1.470000 0.176558
1.480000 0.180396
1.490000 0.184398
1.500000 0.188560
1.510000 0.192875
1.520000 0.197338
1.530000 0.201943
1.540000 0.206685
1.550000 0.211559
1.560000 0.216560
1.570000 0.221683
1.580000 0.226925
1.590000 0.232279
1.600000 0.237743
1.610000 0.243311
1.620000 0.248980
1.630000 0.254746
1.640000 0.260605
1.650000 0.266553
1.660000 0.272588
1.670000 0.278706
1.680000 0.284903
1.690000 0.291177
1.700000 0.297525
1.710000 0.303944
1.720000 0.310431
1.730000 0.316983
1.740000 0.323599
1.750000 0.330276
1.760000 0.337012
1.770000 0.343804
1.780000 0.350651
1.790000 0.357551
1.800000 0.364501
1.810000 0.371501
1.820000 0.378549
1.830000 0.385642
1.840000 0.392780
1.850000 0.399962
1.860000 0.407186
1.870000 0.414451
1.880000 0.421755
1.890000 0.429099
1.900000 0.436480
1.910000 0.443898
1.920000 0.451353
1.930000 0.458843
1.940000 0.466367
1.950000 0.473926
1.960000 0.481519
1.970000 0.489144
1.980000 0.496803
1.990000 0.504493
2.000000 0.512216
2.010000 0.519970
2.020000 0.527756
2.030000 0.535573
2.040000 0.543422
2.050000 0.551301
2.060000 0.559211
2.070000 0.567153
2.080000 0.575125
2.090000 0.583129
2.100000 0.591163
2.110000 0.599230
2.120000 0.607327
2.130000 0.615456
2.140000 0.623618
2.150000 0.631811
2.160000 0.640037
2.170000 0.648296
2.180000 0.656588
2.190000 0.664914
2.200000 0.673273
2.210000 0.681667
2.220000 0.690096
2.230000 0.698560
2.240000 0.707060
2.250000 0.715596
2.260000 0.724169
2.270000 0.732780
2.280000 0.741429
2.290000 0.750116
2.300000 0.758842
2.310000 0.767608
2.320000 0.776415
2.330000 0.785262
2.340000 0.794152
2.350000 0.803084
2.360000 0.812059
2.370000 0.821078
2.380000 0.830141
2.390000 0.839250
2.400000 0.848405
2.410000 0.857606
2.420000 0.866856
2.430000 0.876153
2.440000 0.885500
2.450000 0.894897
2.460000 0.904344
2.470000 0.913843
2.480000 0.923395
2.490000 0.933000
2.500000 0.942659
2.510000 0.952373
2.520000 0.962143
2.530000 0.971969
2.540000 0.981853
2.550000 0.991796
2.560000 1.001798
2.570000 1.011861
2.580000 1.021984
2.590000 1.032170
2.600000 1.042419
2.610000 1.052732
2.620000 1.063110
2.630000 1.073553
2.640000 1.084064
2.650000 1.094642
2.660000 1.105289
2.670000 1.116006
2.680000 1.126794
2.690000 1.137654
2.700000 1.148586
2.710000 1.159592
2.720000 1.170672
2.730000 1.181829
2.740000 1.193062
2.750000 1.204373
2.760000 1.215763
2.770000 1.227233
2.780000 1.238784
2.790000 1.250417
2.800000 1.262132
2.810000 1.273932
2.820000 1.285818
2.830000 1.297789
2.840000 1.309848
2.850000 1.321995
2.860000 1.334232
2.870000 1.346559
2.880000 1.358979
2.890000 1.371491
2.900000 1.384097
2.910000 1.396798
2.920000 1.409596
2.930000 1.422491
2.940000 1.435485
2.950000 1.448578
2.960000 1.461772
2.970000 1.475069
2.980000 1.488469


# ЧИСЛЕННАЯ ВТОРАЯ ПРОИЗВОДНАЯ - ЛЕВАЯ РАЗНОСТЬ
0.120000 -208.778012
0.130000 -207.232033
0.140000 -205.700014
0.150000 1.193728
0.160000 1.239986
0.170000 1.283584
0.180000 1.324594
0.190000 1.363085
0.200000 1.399126
0.210000 1.432782
0.220000 1.464121
0.230000 1.493208
0.240000 1.520107
0.250000 1.544879
0.260000 1.567586
0.270000 1.588289
0.280000 1.607044
0.290000 1.623911
0.300000 1.638944
0.310000 1.652199
0.320000 1.663728
0.330000 1.673583
0.340000 1.681816
0.350000 1.688476
0.360000 1.693610
0.370000 1.697268
0.380000 1.699493
0.390000 1.700332
0.400000 1.699829
0.410000 1.698027
0.420000 1.694967
0.430000 1.690692
0.440000 1.685241
0.450000 1.678654
0.460000 1.670971
0.470000 1.662230
0.480000 1.652469
0.490000 1.641724
0.500000 1.630033
0.510000 1.617432
0.520000 1.603956
0.530000 1.589641
0.540000 1.574522
0.550000 1.558633
0.560000 1.542009
0.570000 1.524684
0.580000 1.506692
0.590000 1.488066
0.600000 1.468839
0.610000 1.449046
0.620000 1.428717
0.630000 1.407888
0.640000 1.386589
0.650000 1.364853
0.660000 1.342713
0.670000 1.320199
0.680000 1.297345
0.690000 1.274181
0.700000 1.250738
0.710000 1.227048
0.720000 1.203141
0.730000 1.179047
0.740000 1.154796
0.750000 1.130418
0.760000 1.105942
0.770000 1.081397
0.780000 1.056811
0.790000 1.032212
0.800000 1.007627
0.810000 0.983082
0.820000 0.958605
0.830000 0.934221
0.840000 0.909954
0.850000 0.885829
0.860000 0.861869
0.870000 0.838097
0.880000 0.814536
0.890000 0.791206
0.900000 0.768129
0.910000 0.745323
0.920000 0.722809
0.930000 0.700603
0.940000 0.678723
0.950000 0.657185
0.960000 0.636005
0.970000 0.615197
0.980000 0.594775
0.990000 0.574752
1.000000 0.555139
1.010000 0.535948
1.020000 0.517189
1.030000 0.498870
1.040000 0.481000
1.050000 0.463587
1.060000 0.446637
1.070000 0.430156
1.080000 0.414149
1.090000 0.398620
1.100000 0.383572
1.110000 0.369009
1.120000 0.354931
1.130000 0.341340
1.140000 0.328237
1.150000 0.315621
1.160000 0.303492
1.170000 0.291847
1.180000 0.280686
1.190000 0.270005
1.200000 0.259801
1.210000 0.250070
1.220000 0.240809
1.230000 0.232013
1.240000 0.223677
1.250000 0.215795
1.260000 0.208362
1.270000 0.201372
1.280000 0.194818
1.290000 0.188694
1.300000 0.182992
1.310000 0.177706
1.320000 0.172828
1.330000 0.168350
1.340000 0.164266
1.350000 0.160566
1.360000 0.157243
1.370000 0.154289
1.380000 0.151696
1.390000 0.149455
1.400000 0.147559
1.410000 0.145998
1.420000 0.144765
1.430000 0.143852
1.440000 0.143249
1.450000 0.142949
1.460000 0.142944
1.470000 0.143225
1.480000 0.143784
1.490000 0.144614
1.500000 0.145706
1.510000 0.147053
1.520000 0.148646
1.530000 0.150479
1.540000 0.152544
1.550000 0.154834
1.560000 0.157340
1.570000 0.160057
1.580000 0.162978
1.590000 0.166094
1.600000 0.169401
1.610000 0.172891
1.620000 0.176558
1.630000 0.180396
1.640000 0.184398
1.650000 0.188560
1.660000 0.192875
1.670000 0.197338
1.680000 0.201943
1.690000 0.206685
1.700000 0.211559
1.710000 0.216560
1.720000 0.221683
1.730000 0.226925
1.740000 0.232279
1.750000 0.237743
1.760000 0.243311
1.770000 0.248980
1.780000 0.254746
1.790000 0.260605
1.800000 0.266553
1.810000 0.272588
1.820000 0.278706
1.830000 0.284903
1.840000 0.291177
1.850000 0.297525
1.860000 0.303944
1.870000 0.310431
1.880000 0.316983
1.890000 0.323599
1.900000 0.330276
1.910000 0.337012
1.920000 0.343804
1.930000 0.350651
1.940000 0.357551
1.950000 0.364501
1.960000 0.371501
1.970000 0.378549
1.980000 0.385642
1.990000 0.392780
2.000000 0.399962
2.010000 0.407186
2.020000 0.414451
2.030000 0.421755
2.040000 0.429099
2.050000 0.436480
2.060000 0.443898
2.070000 0.451353
2.080000 0.458843
2.090000 0.466367
2.100000 0.473926
2.110000 0.481519
2.120000 0.489144
2.130000 0.496803
2.140000 0.504493
2.150000 0.512216
2.160000 0.519970
2.170000 0.527756
2.180000 0.535573
2.190000 0.543422
2.200000 0.551301
2.210000 0.559211
2.220000 0.567153
2.230000 0.575125
2.240000 0.583129
2.250000 0.591163
2.260000 0.599230
2.270000 0.607327
2.280000 0.615456
2.290000 0.623618
2.300000 0.631811
2.310000 0.640037
2.320000 0.648296
2.330000 0.656588
2.340000 0.664914
2.350000 0.673273
2.360000 0.681667
2.370000 0.690096
2.380000 0.698560
2.390000 0.707060
2.400000 0.715596
2.410000 0.724169
2.420000 0.732780
2.430000 0.741429
2.440000 0.750116
2.450000 0.758842
2.460000 0.767608
2.470000 0.776415
2.480000 0.785262
2.490000 0.794152
2.500000 0.803084
2.510000 0.812059
2.520000 0.821078
2.530000 0.830141
2.540000 0.839250
2.550000 0.848405
2.560000 0.857606
2.570000 0.866856
2.580000 0.876153
2.590000 0.885500
2.600000 0.894897
2.610000 0.904344
2.620000 0.913843
2.630000 0.923395
2.640000 0.933000
2.650000 0.942659
2.660000 0.952373
2.670000 0.962143
2.680000 0.971969
2.690000 0.981853
2.700000 0.991796
2.710000 1.001798
2.720000 1.011861
2.730000 1.021984
2.740000 1.032170
2.750000 1.042419
2.760000 1.052732
2.770000 1.063110
2.780000 1.073553
2.790000 1.084064
2.800000 1.094642
2.810000 1.105289
2.820000 1.116006
2.830000 1.126794
2.840000 1.137654
2.850000 1.148586
2.860000 1.159592
2.870000 1.170672
2.880000 1.181829
2.890000 1.193062
2.900000 1.204373
2.910000 1.215763
2.920000 1.227233
2.930000 1.238784
2.940000 1.250417
2.950000 1.262132
2.960000 1.273932
2.970000 1.285818
2.980000 1.297789
2.990000 1.309848
3.000000 1.321995


# ЧИСЛЕННАЯ ВТОРАЯ ПРОИЗВОДНАЯ - ЦЕНТРАЛЬНАЯ РАЗНОСТЬ
0.110000 1.344150
0.120000 1.381408
0.130000 1.416248
0.140000 1.448737
0.150000 1.478942
0.160000 1.506927
0.170000 1.532755
0.180000 1.556487
0.190000 1.578184
0.200000 1.597906
0.210000 1.615710
0.220000 1.631653
0.230000 1.645790
0.240000 1.658176
0.250000 1.668861
0.260000 1.677899
0.270000 1.685339
0.280000 1.691231
0.290000 1.695621
0.300000 1.698557
0.310000 1.700083
0.320000 1.700246
0.330000 1.699088
0.340000 1.696651
0.350000 1.692979
0.360000 1.688111
0.370000 1.682087
0.380000 1.674948
0.390000 1.666731
0.400000 1.657475
0.410000 1.647217
0.420000 1.635995
0.430000 1.623844
0.440000 1.610801
0.450000 1.596901
0.460000 1.582180
0.470000 1.566672
0.480000 1.550411
0.490000 1.533432
0.500000 1.515769
0.510000 1.497456
0.520000 1.478526
0.530000 1.459011
0.540000 1.438946
0.550000 1.418363
0.560000 1.397295
0.570000 1.375773
0.580000 1.353831
0.590000 1.331501
0.600000 1.308813
0.610000 1.285800
0.620000 1.262492
0.630000 1.238922
0.640000 1.215120
0.650000 1.191115
0.660000 1.166939
0.670000 1.142621
0.680000 1.118191
0.690000 1.093677
0.700000 1.069107
0.710000 1.044511
0.720000 1.019916
0.730000 0.995348
0.740000 0.970834
0.750000 0.946400
0.760000 0.922071
0.770000 0.897872
0.780000 0.873827
0.790000 0.849958
0.800000 0.826289
0.810000 0.802841
0.820000 0.779635
0.830000 0.756691
0.840000 0.734028
0.850000 0.711666
0.860000 0.689621
0.870000 0.667910
0.880000 0.646549
0.890000 0.625553
0.900000 0.604937
0.910000 0.584713
0.920000 0.564894
0.930000 0.545491
0.940000 0.526514
0.950000 0.507974
0.960000 0.489879
0.970000 0.472236
0.980000 0.455054
0.990000 0.438338
1.000000 0.422093
1.010000 0.406325
1.020000 0.391036
1.030000 0.376230
1.040000 0.361909
1.050000 0.348075
1.060000 0.334728
1.070000 0.321868
1.080000 0.309496
1.090000 0.297609
1.100000 0.286206
1.110000 0.275285
1.120000 0.264843
1.130000 0.254877
1.140000 0.245381
1.150000 0.236353
1.160000 0.227788
1.170000 0.219680
1.180000 0.212023
1.190000 0.204812
1.200000 0.198041
1.210000 0.191703
1.220000 0.185791
1.230000 0.180298
1.240000 0.175216
1.250000 0.170540
1.260000 0.166259
1.270000 0.162368
1.280000 0.158858
1.290000 0.155721
1.300000 0.152948
1.310000 0.150532
1.320000 0.148465
1.330000 0.146737
1.340000 0.145341
1.350000 0.144269
1.360000 0.143512
1.370000 0.143062
1.380000 0.142910
1.390000 0.143049
1.400000 0.143470
1.410000 0.144166
1.420000 0.145128
1.430000 0.146348
1.440000 0.147819
1.450000 0.149534
1.460000 0.151483
1.470000 0.153661
1.480000 0.156060
1.490000 0.158673
1.500000 0.161492
1.510000 0.164512
1.520000 0.167724
1.530000 0.171123
1.540000 0.174703
1.550000 0.178456
1.560000 0.182377
1.570000 0.186460
1.580000 0.190699
1.590000 0.195088
1.600000 0.199623
1.610000 0.204297
1.620000 0.209106
1.630000 0.214044
1.640000 0.219107
1.650000 0.224290
1.660000 0.229588
1.670000 0.234998
1.680000 0.240514
1.690000 0.246133
1.700000 0.251851
1.710000 0.257664
1.720000 0.263568
1.730000 0.269560
1.740000 0.275637
1.750000 0.281795
1.760000 0.288031
1.770000 0.294342
1.780000 0.300726
1.790000 0.307179
1.800000 0.313699
1.810000 0.320284
1.820000 0.326930
1.830000 0.333637
1.840000 0.340401
1.850000 0.347221
1.860000 0.354094
1.870000 0.361020
1.880000 0.367995
1.890000 0.375019
1.900000 0.382090
1.910000 0.389206
1.920000 0.396366
1.930000 0.403569
1.940000 0.410813
1.950000 0.418098
1.960000 0.425422
1.970000 0.432785
1.980000 0.440184
1.990000 0.447621
2.000000 0.455093
2.010000 0.462601
2.020000 0.470143
2.030000 0.477718
2.040000 0.485327
2.050000 0.492970
2.060000 0.500644
2.070000 0.508351
2.080000 0.516089
2.090000 0.523859
2.100000 0.531661
2.110000 0.539494
2.120000 0.547358
2.130000 0.555252
2.140000 0.563178
2.150000 0.571135
2.160000 0.579123
2.170000 0.587142
2.180000 0.595193
2.190000 0.603274
2.200000 0.611388
2.210000 0.619533
2.220000 0.627710
2.230000 0.635920
2.240000 0.644162
2.250000 0.652438
2.260000 0.660747
2.270000 0.669089
2.280000 0.677466
2.290000 0.685877
2.300000 0.694324
2.310000 0.702806
2.320000 0.711324
2.330000 0.719878
2.340000 0.728470
2.350000 0.737100
2.360000 0.745767
2.370000 0.754474
2.380000 0.763220
2.390000 0.772006
2.400000 0.780833
2.410000 0.789702
2.420000 0.798612
2.430000 0.807566
2.440000 0.816563
2.450000 0.825604
2.460000 0.834690
2.470000 0.843821
2.480000 0.853000
2.490000 0.862225
2.500000 0.871498
2.510000 0.880820
2.520000 0.890192
2.530000 0.899614
2.540000 0.909087
2.550000 0.918613
2.560000 0.928191
2.570000 0.937823
2.580000 0.947509
2.590000 0.957251
2.600000 0.967049
2.610000 0.976904
2.620000 0.986817
2.630000 0.996790
2.640000 1.006822
2.650000 1.016915
2.660000 1.027069
2.670000 1.037286
2.680000 1.047567
2.690000 1.057912
2.700000 1.068323
2.710000 1.078800
2.720000 1.089344
2.730000 1.099957
2.740000 1.110639
2.750000 1.121391
2.760000 1.132215
2.770000 1.143111
2.780000 1.154079
2.790000 1.165123
2.800000 1.176241
2.810000 1.187436
2.820000 1.198708
2.830000 1.210058
2.840000 1.221488
2.850000 1.232998
2.860000 1.244590
2.870000 1.256264
2.880000 1.268022
2.890000 1.279864
2.900000 1.291792
2.910000 1.303807
2.920000 1.315910
2.930000 1.328102
2.940000 1.340384
2.950000 1.352757
2.960000 1.365223
2.970000 1.377782
2.980000 1.390436
2.990000 1.403185


# ЧИСЛЕННАЯ ВТОРАЯ ПРОИЗВОДНАЯ - ПЯТИТОЧЕЧНАЯ
0.120000 18.877452
0.130000 18.787705
0.140000 18.696536
0.150000 1.489377
0.160000 1.517066
0.170000 1.542605
0.180000 1.566053
0.190000 1.587473
0.200000 1.606924
0.210000 1.624463
0.220000 1.640146
0.230000 1.654030
0.240000 1.666168
0.250000 1.676613
0.260000 1.685415
0.270000 1.692625
0.280000 1.698291
0.290000 1.702462
0.300000 1.705183
0.310000 1.706500
0.320000 1.706457
0.330000 1.705098
0.340000 1.702465
0.350000 1.698599
0.360000 1.693542
0.370000 1.687333
0.380000 1.680011
0.390000 1.671615
0.400000 1.662182
0.410000 1.651751
0.420000 1.640356
0.430000 1.628036
0.440000 1.614826
0.450000 1.600760
0.460000 1.585875
0.470000 1.570204
0.480000 1.553783
0.490000 1.536645
0.500000 1.518824
0.510000 1.500353
0.520000 1.481267
0.530000 1.461598
0.540000 1.441379
0.550000 1.420643
0.560000 1.399422
0.570000 1.377750
0.580000 1.355658
0.590000 1.333179
0.600000 1.310344
0.610000 1.287184
0.620000 1.263732
0.630000 1.240018
0.640000 1.216073
0.650000 1.191928
0.660000 1.167613
0.670000 1.143158
0.680000 1.118592
0.690000 1.093945
0.700000 1.069245
0.710000 1.044520
0.720000 1.019799
0.730000 0.995107
0.740000 0.970473
0.750000 0.945921
0.760000 0.921477
0.770000 0.897167
0.780000 0.873013
0.790000 0.849040
0.800000 0.825270
0.810000 0.801724
0.820000 0.778424
0.830000 0.755390
0.840000 0.732641
0.850000 0.710196
0.860000 0.688073
0.870000 0.666288
0.880000 0.644857
0.890000 0.623795
0.900000 0.603117
0.910000 0.582835
0.920000 0.562962
0.930000 0.543510
0.940000 0.524488
0.950000 0.505906
0.960000 0.487774
0.970000 0.470098
0.980000 0.452887
0.990000 0.436145
1.000000 0.419879
1.010000 0.404092
1.020000 0.388789
1.030000 0.373972
1.040000 0.359643
1.050000 0.345805
1.060000 0.332457
1.070000 0.319599
1.080000 0.307231
1.090000 0.295352
1.100000 0.283960
1.110000 0.273052
1.120000 0.262625
1.130000 0.252676
1.140000 0.243201
1.150000 0.234195
1.160000 0.225653
1.170000 0.217570
1.180000 0.209941
1.190000 0.202759
1.200000 0.196017
1.210000 0.189710
1.220000 0.183831
1.230000 0.178371
1.240000 0.173325
1.250000 0.168683
1.260000 0.164439
1.270000 0.160585
1.280000 0.157112
1.290000 0.154012
1.300000 0.151278
1.310000 0.148900
1.320000 0.146871
1.330000 0.145182
1.340000 0.143825
1.350000 0.142791
1.360000 0.142073
1.370000 0.141661
1.380000 0.141547
1.390000 0.141724
1.400000 0.142183
1.410000 0.142915
1.420000 0.143914
1.430000 0.145170
1.440000 0.146677
1.450000 0.148427
1.460000 0.150411
1.470000 0.152623
1.480000 0.155055
1.490000 0.157701
1.500000 0.160552
1.510000 0.163603
1.520000 0.166846
1.530000 0.170275
1.540000 0.173884
1.550000 0.177666
1.560000 0.181615
1.570000 0.185725
1.580000 0.189990
1.590000 0.194405
1.600000 0.198965
1.610000 0.203663
1.620000 0.208495
1.630000 0.213456
1.640000 0.218541
1.650000 0.223745
1.660000 0.229064
1.670000 0.234493
1.680000 0.240029
1.690000 0.245667
1.700000 0.251402
1.710000 0.257232
1.720000 0.263153
1.730000 0.269161
1.740000 0.275253
1.750000 0.281426
1.760000 0.287676
1.770000 0.294001
1.780000 0.300397
1.790000 0.306863
1.800000 0.313394
1.810000 0.319990
1.820000 0.326648
1.830000 0.333364
1.840000 0.340138
1.850000 0.346967
1.860000 0.353849
1.870000 0.360783
1.880000 0.367766
1.890000 0.374797
1.900000 0.381875
1.910000 0.388998
1.920000 0.396164
1.930000 0.403372
1.940000 0.410622
1.950000 0.417912
1.960000 0.425241
1.970000 0.432608
1.980000 0.440011
1.990000 0.447452
2.000000 0.454927
2.010000 0.462438
2.020000 0.469982
2.030000 0.477561
2.040000 0.485172
2.050000 0.492816
2.060000 0.500492
2.070000 0.508200
2.080000 0.515940
2.090000 0.523711
2.100000 0.531514
2.110000 0.539347
2.120000 0.547211
2.130000 0.555106
2.140000 0.563032
2.150000 0.570989
2.160000 0.578976
2.170000 0.586995
2.180000 0.595045
2.190000 0.603125
2.200000 0.611238
2.210000 0.619382
2.220000 0.627558
2.230000 0.635766
2.240000 0.644007
2.250000 0.652281
2.260000 0.660588
2.270000 0.668928
2.280000 0.677303
2.290000 0.685712
2.300000 0.694156
2.310000 0.702636
2.320000 0.711152
2.330000 0.719704
2.340000 0.728293
2.350000 0.736920
2.360000 0.745585
2.370000 0.754288
2.380000 0.763032
2.390000 0.771815
2.400000 0.780639
2.410000 0.789504
2.420000 0.798411
2.430000 0.807362
2.440000 0.816355
2.450000 0.825393
2.460000 0.834475
2.470000 0.843603
2.480000 0.852778
2.490000 0.862000
2.500000 0.871269
2.510000 0.880588
2.520000 0.889956
2.530000 0.899374
2.540000 0.908843
2.550000 0.918365
2.560000 0.927939
2.570000 0.937567
2.580000 0.947249
2.590000 0.956987
2.600000 0.966781
2.610000 0.976632
2.620000 0.986541
2.630000 0.996509
2.640000 1.006537
2.650000 1.016625
2.660000 1.026776
2.670000 1.036988
2.680000 1.047265
2.690000 1.057606
2.700000 1.068012
2.710000 1.078484
2.720000 1.089024
2.730000 1.099632
2.740000 1.110310
2.750000 1.121057
2.760000 1.131876
2.770000 1.142767
2.780000 1.153731
2.790000 1.164770
2.800000 1.175883
2.810000 1.187073
2.820000 1.198341
2.830000 1.209686
2.840000 1.221111
2.850000 1.232616
2.860000 1.244203
2.870000 1.255872
2.880000 1.267625
2.890000 1.279462
2.900000 1.291385
2.910000 1.303395
2.920000 1.315493
2.930000 1.327680
2.940000 1.339956
2.950000 1.352324
2.960000 1.364785
2.970000 1.377338
2.980000 1.389987


# ОШИБКИ - ПРАВАЯ РАЗНОСТЬ
0.100000 0.228513
0.110000 0.211802
0.120000 0.195566
0.130000 0.179796
0.140000 0.164481
0.150000 0.149611
0.160000 0.135177
0.170000 0.121169
0.180000 0.107576
0.190000 0.094390
0.200000 0.081599
0.210000 0.069194
0.220000 0.057167
0.230000 0.045508
0.240000 0.034209
0.250000 0.023260
0.260000 0.012654
0.270000 0.002383
0.280000 0.007560
0.290000 0.017183
0.300000 0.026492
0.310000 0.035494
0.320000 0.044194
0.330000 0.052598
0.340000 0.060711
0.350000 0.068539
0.360000 0.076084
0.370000 0.083353
0.380000 0.090347
0.390000 0.097072
0.400000 0.103530
0.410000 0.109724
0.420000 0.115656
0.430000 0.121330
0.440000 0.126746
0.450000 0.131909
0.460000 0.136818
0.470000 0.141477
0.480000 0.145886
0.490000 0.150047
0.500000 0.153962
0.510000 0.157633
0.520000 0.161060
0.530000 0.164246
0.540000 0.167191
0.550000 0.169897
0.560000 0.172367
0.570000 0.174602
0.580000 0.176604
0.590000 0.178375
0.600000 0.179917
0.610000 0.181232
0.620000 0.182325
0.630000 0.183196
0.640000 0.183850
0.650000 0.184289
0.660000 0.184517
0.670000 0.184538
0.680000 0.184356
0.690000 0.183974
0.700000 0.183398
0.710000 0.182633
0.720000 0.181681
0.730000 0.180550
0.740000 0.179244
0.750000 0.177769
0.760000 0.176130
0.770000 0.174333
0.780000 0.172385
0.790000 0.170291
0.800000 0.168057
0.810000 0.165691
0.820000 0.163198
0.830000 0.160585
0.840000 0.157859
0.850000 0.155026
0.860000 0.152094
0.870000 0.149068
0.880000 0.145955
0.890000 0.142763
0.900000 0.139498
0.910000 0.136166
0.920000 0.132775
0.930000 0.129329
0.940000 0.125837
0.950000 0.122303
0.960000 0.118735
0.970000 0.115138
0.980000 0.111517
0.990000 0.107879
1.000000 0.104230
1.010000 0.100573
1.020000 0.096915
1.030000 0.093261
1.040000 0.089614
1.050000 0.085980
1.060000 0.082363
1.070000 0.078768
1.080000 0.075197
1.090000 0.071655
1.100000 0.068146
1.110000 0.064671
1.120000 0.061236
1.130000 0.057842
1.140000 0.054492
1.150000 0.051188
1.160000 0.047934
1.170000 0.044730
1.180000 0.041579
1.190000 0.038482
1.200000 0.035442
1.210000 0.032459
1.220000 0.029534
1.230000 0.026668
1.240000 0.023863
1.250000 0.021119
1.260000 0.018436
1.270000 0.015815
1.280000 0.013257
1.290000 0.010761
1.300000 0.008327
1.310000 0.005955
1.320000 0.003646
1.330000 0.001398
1.340000 0.000788
1.350000 0.002914
1.360000 0.004979
1.370000 0.006984
1.380000 0.008930
1.390000 0.010818
1.400000 0.012648
1.410000 0.014422
1.420000 0.016140
1.430000 0.017803
1.440000 0.019413
1.450000 0.020970
1.460000 0.022475
1.470000 0.023930
1.480000 0.025335
1.490000 0.026693
1.500000 0.028003
1.510000 0.029267
1.520000 0.030486
1.530000 0.031662
1.540000 0.032795
1.550000 0.033888
1.560000 0.034940
1.570000 0.035953
1.580000 0.036929
1.590000 0.037868
1.600000 0.038772
1.610000 0.039642
1.620000 0.040479
1.630000 0.041284
1.640000 0.042058
1.650000 0.042803
1.660000 0.043519
1.670000 0.044207
1.680000 0.044869
1.690000 0.045506
1.700000 0.046118
1.710000 0.046707
1.720000 0.047273
1.730000 0.047817
1.740000 0.048342
1.750000 0.048846
1.760000 0.049331
1.770000 0.049799
1.780000 0.050250
1.790000 0.050684
1.800000 0.051103
1.810000 0.051507
1.820000 0.051897
1.830000 0.052274
1.840000 0.052639
1.850000 0.052991
1.860000 0.053333
1.870000 0.053664
1.880000 0.053986
1.890000 0.054298
1.900000 0.054602
1.910000 0.054898
1.920000 0.055186
1.930000 0.055467
1.940000 0.055742
1.950000 0.056012
1.960000 0.056275
1.970000 0.056534
1.980000 0.056789
1.990000 0.057040
2.000000 0.057287
2.010000 0.057531
2.020000 0.057772
2.030000 0.058011
2.040000 0.058248
2.050000 0.058483
2.060000 0.058717
2.070000 0.058951
2.080000 0.059183
2.090000 0.059416
2.100000 0.059648
2.110000 0.059881
2.120000 0.060114
2.130000 0.060349
2.140000 0.060584
2.150000 0.060821
2.160000 0.061059
2.170000 0.061300
2.180000 0.061542
2.190000 0.061787
2.200000 0.062034
2.210000 0.062284
2.220000 0.062537
2.230000 0.062793
2.240000 0.063052
2.250000 0.063315
2.260000 0.063581
2.270000 0.063851
2.280000 0.064125
2.290000 0.064403
2.300000 0.064685
2.310000 0.064971
2.320000 0.065262
2.330000 0.065558
2.340000 0.065858
2.350000 0.066163
2.360000 0.066473
2.370000 0.066788
2.380000 0.067109
2.390000 0.067434
2.400000 0.067765
2.410000 0.068102
2.420000 0.068444
2.430000 0.068791
2.440000 0.069144
2.450000 0.069504
2.460000 0.069869
2.470000 0.070240
2.480000 0.070617
2.490000 0.071000
2.500000 0.071389
2.510000 0.071785
2.520000 0.072187
2.530000 0.072595
2.540000 0.073010
2.550000 0.073431
2.560000 0.073859
2.570000 0.074294
2.580000 0.074735
2.590000 0.075183
2.600000 0.075638
2.610000 0.076100
2.620000 0.076568
2.630000 0.077044
2.640000 0.077527
2.650000 0.078017
2.660000 0.078513
2.670000 0.079018
2.680000 0.079529
2.690000 0.080048
2.700000 0.080574
2.710000 0.081107
2.720000 0.081648
2.730000 0.082196
2.740000 0.082752
2.750000 0.083316
2.760000 0.083887
2.770000 0.084466
2.780000 0.085052
2.790000 0.085647
2.800000 0.086249
2.810000 0.086859
2.820000 0.087477
2.830000 0.088103
2.840000 0.088737
2.850000 0.089379
2.860000 0.090029
2.870000 0.090687
2.880000 0.091354
2.890000 0.092028
2.900000 0.092711
2.910000 0.093403
2.920000 0.094103
2.930000 0.094811
2.940000 0.095528
2.950000 0.096253
2.960000 0.096987
2.970000 0.097730
2.980000 0.098482


# ОШИБКИ - ЛЕВАЯ РАЗНОСТЬ
0.120000 210.170734
0.130000 208.659281
0.140000 207.159445
0.150000 0.295605
0.160000 0.277036
0.170000 0.258974
0.180000 0.241413
0.190000 0.224341
0.200000 0.207751
0.210000 0.191634
0.220000 0.175979
0.230000 0.160777
0.240000 0.146017
0.250000 0.131690
0.260000 0.117786
0.270000 0.104295
0.280000 0.091207
0.290000 0.078513
0.300000 0.066202
0.310000 0.054267
0.320000 0.042697
0.330000 0.031484
0.340000 0.020620
0.350000 0.010096
0.360000 0.000094
0.370000 0.009959
0.380000 0.019505
0.390000 0.028738
0.400000 0.037666
0.410000 0.046294
0.420000 0.054627
0.430000 0.062670
0.440000 0.070428
0.450000 0.077906
0.460000 0.085108
0.470000 0.092036
0.480000 0.098696
0.490000 0.105088
0.500000 0.111218
0.510000 0.117087
0.520000 0.122697
0.530000 0.128051
0.540000 0.133150
0.550000 0.137997
0.560000 0.142594
0.570000 0.146941
0.580000 0.151041
0.590000 0.154895
0.600000 0.158504
0.610000 0.161871
0.620000 0.164996
0.630000 0.167881
0.640000 0.170527
0.650000 0.172938
0.660000 0.175113
0.670000 0.177056
0.680000 0.178768
0.690000 0.180253
0.700000 0.181511
0.710000 0.182547
0.720000 0.183362
0.730000 0.183961
0.740000 0.184345
0.750000 0.184520
0.760000 0.184489
0.770000 0.184255
0.780000 0.183824
0.790000 0.183198
0.800000 0.182384
0.810000 0.181387
0.820000 0.180210
0.830000 0.178860
0.840000 0.177343
0.850000 0.175663
0.860000 0.173827
0.870000 0.171841
0.880000 0.169711
0.890000 0.167443
0.900000 0.165044
0.910000 0.162520
0.920000 0.159878
0.930000 0.157124
0.940000 0.154266
0.950000 0.151309
0.960000 0.148261
0.970000 0.145128
0.980000 0.141918
0.990000 0.138636
1.000000 0.135289
1.010000 0.131883
1.020000 0.128426
1.030000 0.124924
1.040000 0.121382
1.050000 0.117806
1.060000 0.114204
1.070000 0.110579
1.080000 0.106939
1.090000 0.103288
1.100000 0.099632
1.110000 0.095975
1.120000 0.092323
1.130000 0.088680
1.140000 0.085052
1.150000 0.081441
1.160000 0.077852
1.170000 0.074290
1.180000 0.070757
1.190000 0.067257
1.200000 0.063793
1.210000 0.060369
1.220000 0.056986
1.230000 0.053649
1.240000 0.050358
1.250000 0.047117
1.260000 0.043928
1.270000 0.040791
1.280000 0.037710
1.290000 0.034684
1.300000 0.031716
1.310000 0.028807
1.320000 0.025957
1.330000 0.023168
1.340000 0.020440
1.350000 0.017774
1.360000 0.015169
1.370000 0.012627
1.380000 0.010147
1.390000 0.007729
1.400000 0.005373
1.410000 0.003080
1.420000 0.000848
1.430000 0.001322
1.440000 0.003432
1.450000 0.005482
1.460000 0.007472
1.470000 0.009403
1.480000 0.011276
1.490000 0.013092
1.500000 0.014851
1.510000 0.016555
1.520000 0.018205
1.530000 0.019801
1.540000 0.021345
1.550000 0.022837
1.560000 0.024280
1.570000 0.025673
1.580000 0.027018
1.590000 0.028317
1.600000 0.029569
1.610000 0.030778
1.620000 0.031943
1.630000 0.033066
1.640000 0.034148
1.650000 0.035190
1.660000 0.036194
1.670000 0.037161
1.680000 0.038091
1.690000 0.038987
1.700000 0.039848
1.710000 0.040677
1.720000 0.041475
1.730000 0.042241
1.740000 0.042979
1.750000 0.043688
1.760000 0.044370
1.770000 0.045025
1.780000 0.045656
1.790000 0.046262
1.800000 0.046845
1.810000 0.047406
1.820000 0.047945
1.830000 0.048465
1.840000 0.048964
1.850000 0.049445
1.860000 0.049909
1.870000 0.050355
1.880000 0.050786
1.890000 0.051201
1.900000 0.051602
1.910000 0.051989
1.920000 0.052363
1.930000 0.052724
1.940000 0.053074
1.950000 0.053413
1.960000 0.053742
1.970000 0.054062
1.980000 0.054372
1.990000 0.054673
2.000000 0.054967
2.010000 0.055254
2.020000 0.055534
2.030000 0.055807
2.040000 0.056075
2.050000 0.056338
2.060000 0.056596
2.070000 0.056850
2.080000 0.057099
2.090000 0.057346
2.100000 0.057589
2.110000 0.057830
2.120000 0.058068
2.130000 0.058305
2.140000 0.058540
2.150000 0.058774
2.160000 0.059007
2.170000 0.059240
2.180000 0.059472
2.190000 0.059705
2.200000 0.059938
2.210000 0.060172
2.220000 0.060406
2.230000 0.060642
2.240000 0.060879
2.250000 0.061118
2.260000 0.061359
2.270000 0.061602
2.280000 0.061847
2.290000 0.062095
2.300000 0.062346
2.310000 0.062600
2.320000 0.062856
2.330000 0.063117
2.340000 0.063380
2.350000 0.063647
2.360000 0.063918
2.370000 0.064193
2.380000 0.064472
2.390000 0.064755
2.400000 0.065043
2.410000 0.065335
2.420000 0.065632
2.430000 0.065933
2.440000 0.066240
2.450000 0.066551
2.460000 0.066868
2.470000 0.067189
2.480000 0.067516
2.490000 0.067848
2.500000 0.068186
2.510000 0.068529
2.520000 0.068878
2.530000 0.069233
2.540000 0.069594
2.550000 0.069960
2.560000 0.070333
2.570000 0.070711
2.580000 0.071096
2.590000 0.071487
2.600000 0.071884
2.610000 0.072288
2.620000 0.072698
2.630000 0.073114
2.640000 0.073537
2.650000 0.073967
2.660000 0.074403
2.670000 0.074846
2.680000 0.075296
2.690000 0.075752
2.700000 0.076216
2.710000 0.076686
2.720000 0.077164
2.730000 0.077648
2.740000 0.078140
2.750000 0.078639
2.760000 0.079145
2.770000 0.079658
2.780000 0.080178
2.790000 0.080706
2.800000 0.081241
2.810000 0.081784
2.820000 0.082334
2.830000 0.082892
2.840000 0.083458
2.850000 0.084031
2.860000 0.084611
2.870000 0.085200
2.880000 0.085796
2.890000 0.086400
2.900000 0.087012
2.910000 0.087632
2.920000 0.088260
2.930000 0.088896
2.940000 0.089540
2.950000 0.090192
2.960000 0.090853
2.970000 0.091521
2.980000 0.092198
2.990000 0.092883
3.000000 0.093577


# ОШИБКИ - ЦЕНТРАЛЬНАЯ РАЗНОСТЬ
0.110000 0.011634
0.120000 0.011315
0.130000 0.011001
0.140000 0.010693
0.150000 0.010391
0.160000 0.010094
0.170000 0.009804
0.180000 0.009520
0.190000 0.009242
0.200000 0.008971
0.210000 0.008706
0.220000 0.008447
0.230000 0.008195
0.240000 0.007948
0.250000 0.007708
0.260000 0.007473
0.270000 0.007244
0.280000 0.007021
0.290000 0.006803
0.300000 0.006590
0.310000 0.006382
0.320000 0.006178
0.330000 0.005979
0.340000 0.005784
0.350000 0.005593
0.360000 0.005406
0.370000 0.005222
0.380000 0.005041
0.390000 0.004863
0.400000 0.004688
0.410000 0.004516
0.420000 0.004345
0.430000 0.004177
0.440000 0.004011
0.450000 0.003847
0.460000 0.003684
0.470000 0.003523
0.480000 0.003363
0.490000 0.003204
0.500000 0.003046
0.510000 0.002890
0.520000 0.002734
0.530000 0.002579
0.540000 0.002425
0.550000 0.002273
0.560000 0.002121
0.570000 0.001969
0.580000 0.001819
0.590000 0.001670
0.600000 0.001522
0.610000 0.001375
0.620000 0.001229
0.630000 0.001085
0.640000 0.000942
0.650000 0.000800
0.660000 0.000660
0.670000 0.000522
0.680000 0.000386
0.690000 0.000252
0.700000 0.000120
0.710000 0.000010
0.720000 0.000137
0.730000 0.000261
0.740000 0.000383
0.750000 0.000502
0.760000 0.000618
0.770000 0.000730
0.780000 0.000839
0.790000 0.000945
0.800000 0.001047
0.810000 0.001145
0.820000 0.001240
0.830000 0.001331
0.840000 0.001417
0.850000 0.001500
0.860000 0.001579
0.870000 0.001653
0.880000 0.001724
0.890000 0.001790
0.900000 0.001852
0.910000 0.001909
0.920000 0.001963
0.930000 0.002012
0.940000 0.002057
0.950000 0.002098
0.960000 0.002135
0.970000 0.002168
0.980000 0.002196
0.990000 0.002221
1.000000 0.002242
1.010000 0.002260
1.020000 0.002273
1.030000 0.002284
1.040000 0.002290
1.050000 0.002294
1.060000 0.002294
1.070000 0.002291
1.080000 0.002285
1.090000 0.002277
1.100000 0.002265
1.110000 0.002252
1.120000 0.002235
1.130000 0.002217
1.140000 0.002196
1.150000 0.002173
1.160000 0.002148
1.170000 0.002122
1.180000 0.002094
1.190000 0.002064
1.200000 0.002033
1.210000 0.002001
1.220000 0.001968
1.230000 0.001933
1.240000 0.001898
1.250000 0.001862
1.260000 0.001825
1.270000 0.001787
1.280000 0.001749
1.290000 0.001711
1.300000 0.001672
1.310000 0.001633
1.320000 0.001594
1.330000 0.001555
1.340000 0.001516
1.350000 0.001477
1.360000 0.001438
1.370000 0.001399
1.380000 0.001361
1.390000 0.001323
1.400000 0.001285
1.410000 0.001247
1.420000 0.001210
1.430000 0.001174
1.440000 0.001138
1.450000 0.001103
1.460000 0.001068
1.470000 0.001034
1.480000 0.001000
1.490000 0.000967
1.500000 0.000935
1.510000 0.000903
1.520000 0.000873
1.530000 0.000843
1.540000 0.000813
1.550000 0.000785
1.560000 0.000757
1.570000 0.000730
1.580000 0.000703
1.590000 0.000678
1.600000 0.000653
1.610000 0.000628
1.620000 0.000605
1.630000 0.000582
1.640000 0.000560
1.650000 0.000539
1.660000 0.000519
1.670000 0.000499
1.680000 0.000480
1.690000 0.000461
1.700000 0.000444
1.710000 0.000426
1.720000 0.000410
1.730000 0.000394
1.740000 0.000379
1.750000 0.000365
1.760000 0.000351
1.770000 0.000337
1.780000 0.000325
1.790000 0.000312
1.800000 0.000301
1.810000 0.000290
1.820000 0.000279
1.830000 0.000269
1.840000 0.000259
1.850000 0.000250
1.860000 0.000242
1.870000 0.000233
1.880000 0.000226
1.890000 0.000219
1.900000 0.000212
1.910000 0.000205
1.920000 0.000199
1.930000 0.000194
1.940000 0.000188
1.950000 0.000183
1.960000 0.000179
1.970000 0.000175
1.980000 0.000171
1.990000 0.000167
2.000000 0.000164
2.010000 0.000161
2.020000 0.000158
2.030000 0.000156
2.040000 0.000154
2.050000 0.000152
2.060000 0.000150
2.070000 0.000149
2.080000 0.000147
2.090000 0.000146
2.100000 0.000146
2.110000 0.000145
2.120000 0.000145
2.130000 0.000145
2.140000 0.000145
2.150000 0.000145
2.160000 0.000146
2.170000 0.000146
2.180000 0.000147
2.190000 0.000148
2.200000 0.000149
2.210000 0.000150
2.220000 0.000151
2.230000 0.000153
2.240000 0.000154
2.250000 0.000156
2.260000 0.000158
2.270000 0.000160
2.280000 0.000162
2.290000 0.000164
2.300000 0.000166
2.310000 0.000169
2.320000 0.000171
2.330000 0.000174
2.340000 0.000176
2.350000 0.000179
2.360000 0.000182
2.370000 0.000185
2.380000 0.000188
2.390000 0.000191
2.400000 0.000194
2.410000 0.000197
2.420000 0.000200
2.430000 0.000204
2.440000 0.000207
2.450000 0.000211
2.460000 0.000214
2.470000 0.000218
2.480000 0.000221
2.490000 0.000225
2.500000 0.000228
2.510000 0.000232
2.520000 0.000236
2.530000 0.000240
2.540000 0.000244
2.550000 0.000248
2.560000 0.000252
2.570000 0.000256
2.580000 0.000260
2.590000 0.000264
2.600000 0.000268
2.610000 0.000272
2.620000 0.000276
2.630000 0.000280
2.640000 0.000285
2.650000 0.000289
2.660000 0.000293
2.670000 0.000298
2.680000 0.000302
2.690000 0.000307
2.700000 0.000311
2.710000 0.000316
2.720000 0.000320
2.730000 0.000325
2.740000 0.000329
2.750000 0.000334
2.760000 0.000339
2.770000 0.000343
2.780000 0.000348
2.790000 0.000353
2.800000 0.000357
2.810000 0.000362
2.820000 0.000367
2.830000 0.000372
2.840000 0.000377
2.850000 0.000382
2.860000 0.000387
2.870000 0.000392
2.880000 0.000397
2.890000 0.000402
2.900000 0.000407
2.910000 0.000412
2.920000 0.000417
2.930000 0.000422
2.940000 0.000428
2.950000 0.000433
2.960000 0.000438
2.970000 0.000443
2.980000 0.000449
2.990000 0.000454


# ОШИБКИ - ПЯТИТОЧЕЧНАЯ
0.120000 17.484730
0.130000 17.360456
0.140000 17.237105
0.150000 0.000044
0.160000 0.000045
0.170000 0.000046
0.180000 0.000046
0.190000 0.000047
0.200000 0.000047
0.210000 0.000046
0.220000 0.000046
0.230000 0.000045
0.240000 0.000044
0.250000 0.000043
0.260000 0.000042
0.270000 0.000041
0.280000 0.000039
0.290000 0.000038
0.300000 0.000036
0.310000 0.000035
0.320000 0.000033
0.330000 0.000031
0.340000 0.000029
0.350000 0.000028
0.360000 0.000026
0.370000 0.000024
0.380000 0.000022
0.390000 0.000021
0.400000 0.000019
0.410000 0.000018
0.420000 0.000016
0.430000 0.000015
0.440000 0.000014
0.450000 0.000012
0.460000 0.000011
0.470000 0.000010
0.480000 0.000010
0.490000 0.000009
0.500000 0.000008
0.510000 0.000008
0.520000 0.000007
0.530000 0.000007
0.540000 0.000007
0.550000 0.000007
0.560000 0.000007
0.570000 0.000007
0.580000 0.000008
0.590000 0.000008
0.600000 0.000009
0.610000 0.000009
0.620000 0.000010
0.630000 0.000011
0.640000 0.000012
0.650000 0.000013
0.660000 0.000013
0.670000 0.000014
0.680000 0.000016
0.690000 0.000017
0.700000 0.000018
0.710000 0.000019
0.720000 0.000020
0.730000 0.000021
0.740000 0.000022
0.750000 0.000023
0.760000 0.000024
0.770000 0.000025
0.780000 0.000026
0.790000 0.000027
0.800000 0.000027
0.810000 0.000028
0.820000 0.000029
0.830000 0.000029
0.840000 0.000030
0.850000 0.000030
0.860000 0.000031
0.870000 0.000031
0.880000 0.000031
0.890000 0.000031
0.900000 0.000031
0.910000 0.000031
0.920000 0.000031
0.930000 0.000031
0.940000 0.000031
0.950000 0.000031
0.960000 0.000030
0.970000 0.000030
0.980000 0.000029
0.990000 0.000028
1.000000 0.000028
1.010000 0.000027
1.020000 0.000026
1.030000 0.000026
1.040000 0.000025
1.050000 0.000024
1.060000 0.000023
1.070000 0.000022
1.080000 0.000021
1.090000 0.000020
1.100000 0.000019
1.110000 0.000018
1.120000 0.000017
1.130000 0.000016
1.140000 0.000015
1.150000 0.000014
1.160000 0.000013
1.170000 0.000012
1.180000 0.000011
1.190000 0.000010
1.200000 0.000010
1.210000 0.000009
1.220000 0.000008
1.230000 0.000007
1.240000 0.000006
1.250000 0.000005
1.260000 0.000005
1.270000 0.000004
1.280000 0.000003
1.290000 0.000002
1.300000 0.000002
1.310000 0.000001
1.320000 0.000001
1.330000 0.000000
1.340000 0.000000
1.350000 0.000001
1.360000 0.000001
1.370000 0.000002
1.380000 0.000002
1.390000 0.000003
1.400000 0.000003
1.410000 0.000003
1.420000 0.000004
1.430000 0.000004
1.440000 0.000004
1.450000 0.000004
1.460000 0.000005
1.470000 0.000005
1.480000 0.000005
1.490000 0.000005
1.500000 0.000005
1.510000 0.000005
1.520000 0.000005
1.530000 0.000005
1.540000 0.000005
1.550000 0.000006
1.560000 0.000006
1.570000 0.000006
1.580000 0.000006
1.590000 0.000006
1.600000 0.000006
1.610000 0.000006
1.620000 0.000005
1.630000 0.000005
1.640000 0.000005
1.650000 0.000005
1.660000 0.000005
1.670000 0.000005
1.680000 0.000005
1.690000 0.000005
1.700000 0.000005
1.710000 0.000005
1.720000 0.000005
1.730000 0.000005
1.740000 0.000005
1.750000 0.000005
1.760000 0.000004
1.770000 0.000004
1.780000 0.000004
1.790000 0.000004
1.800000 0.000004
1.810000 0.000004
1.820000 0.000004
1.830000 0.000004
1.840000 0.000004
1.850000 0.000004
1.860000 0.000003
1.870000 0.000003
1.880000 0.000003
1.890000 0.000003
1.900000 0.000003
1.910000 0.000003
1.920000 0.000003
1.930000 0.000003
1.940000 0.000003
1.950000 0.000003
1.960000 0.000003
1.970000 0.000002
1.980000 0.000002
1.990000 0.000002
2.000000 0.000002
2.010000 0.000002
2.020000 0.000002
2.030000 0.000002
2.040000 0.000002
2.050000 0.000002
2.060000 0.000002
2.070000 0.000002
2.080000 0.000002
2.090000 0.000002
2.100000 0.000002
2.110000 0.000002
2.120000 0.000001
2.130000 0.000001
2.140000 0.000001
2.150000 0.000001
2.160000 0.000001
2.170000 0.000001
2.180000 0.000001
2.190000 0.000001
2.200000 0.000001
2.210000 0.000001
2.220000 0.000001
2.230000 0.000001
2.240000 0.000001
2.250000 0.000001
2.260000 0.000001
2.270000 0.000001
2.280000 0.000001
2.290000 0.000001
2.300000 0.000001
2.310000 0.000001
2.320000 0.000001
2.330000 0.000001
2.340000 0.000001
2.350000 0.000001
2.360000 0.000001
2.370000 0.000001
2.380000 0.000001
2.390000 0.000001
2.400000 0.000001
2.410000 0.000000
2.420000 0.000000
2.430000 0.000000
2.440000 0.000000
2.450000 0.000000
2.460000 0.000000
2.470000 0.000000
2.480000 0.000000
2.490000 0.000000
2.500000 0.000000
2.510000 0.000000
2.520000 0.000000
2.530000 0.000000
2.540000 0.000000
2.550000 0.000000
2.560000 0.000000
2.570000 0.000000
2.580000 0.000000
2.590000 0.000000
2.600000 0.000000
2.610000 0.000000
2.620000 0.000000
2.630000 0.000000
2.640000 0.000000
2.650000 0.000000
2.660000 0.000000
2.670000 0.000000
2.680000 0.000000
2.690000 0.000000
2.700000 0.000000
2.710000 0.000000
2.720000 0.000000
2.730000 0.000000
2.740000 0.000000
2.750000 0.000000
2.760000 0.000000
2.770000 0.000000
2.780000 0.000000
2.790000 0.000000
2.800000 0.000000
2.810000 0.000000
2.820000 0.000000
2.830000 0.000000
2.840000 0.000000
2.850000 0.000000
2.860000 0.000000
2.870000 0.000000
2.880000 0.000000
2.890000 0.000000
2.900000 0.000000
2.910000 0.000000
2.920000 0.000000
2.930000 0.000000
2.940000 0.000000
2.950000 0.000000
2.960000 0.000000
2.970000 0.000000
2.980000 0.000000
