-2.000000 -32.756802
-1.989980 -32.297638
-1.979960 -31.841209
-1.969940 -31.387523
-1.959920 -30.936586
-1.949900 -30.488407
-1.939880 -30.042993
-1.929860 -29.600354
-1.919840 -29.160498
-1.909820 -28.723437
-1.899800 -28.289179
-1.889780 -27.857735
-1.879760 -27.429118
-1.869739 -27.003337
-1.859719 -26.580407
-1.849699 -26.160338
-1.839679 -25.743143
-1.829659 -25.328836
-1.819639 -24.917430
-1.809619 -24.508938
-1.799599 -24.103375
-1.789579 -23.700754
-1.779559 -23.301089
-1.769539 -22.904396
-1.759519 -22.510688
-1.749499 -22.119981
-1.739479 -21.732290
-1.729459 -21.347628
-1.719439 -20.966013
-1.709419 -20.587457
-1.699399 -20.211978
-1.689379 -19.839589
-1.679359 -19.470305
-1.669339 -19.104143
-1.659319 -18.741116
-1.649299 -18.381239
-1.639279 -18.024527
-1.629259 -17.670995
-1.619238 -17.320657
-1.609218 -16.973527
-1.599198 -16.629618
-1.589178 -16.288945
-1.579158 -15.951521
-1.569138 -15.617359
-1.559118 -15.286471
-1.549098 -14.958870
-1.539078 -14.634569
-1.529058 -14.313578
-1.519038 -13.995909
-1.509018 -13.681572
-1.498998 -13.370579
-1.488978 -13.062939
-1.478958 -12.758661
-1.468938 -12.457754
-1.458918 -12.160227
-1.448898 -11.866087
-1.438878 -11.575342
-1.428858 -11.287998
-1.418838 -11.004062
-1.408818 -10.723538
-1.398798 -10.446431
-1.388778 -10.172747
-1.378758 -9.902488
-1.368737 -9.635656
-1.358717 -9.372255
-1.348697 -9.112286
-1.338677 -8.855749
-1.328657 -8.602644
-1.318637 -8.352970
-1.308617 -8.106727
-1.298597 -7.863912
-1.288577 -7.624522
-1.278557 -7.388552
-1.268537 -7.155999
-1.258517 -6.926857
-1.248497 -6.701120
-1.238477 -6.478781
-1.228457 -6.259833
-1.218437 -6.044266
-1.208417 -5.832071
-1.198397 -5.623239
-1.188377 -5.417757
-1.178357 -5.215615
-1.168337 -5.016800
-1.158317 -4.821298
-1.148297 -4.629095
-1.138277 -4.440175
-1.128257 -4.254524
-1.118236 -4.072124
-1.108216 -3.892958
-1.098196 -3.717007
-1.088176 -3.544253
-1.078156 -3.374675
-1.068136 -3.208253
-1.058116 -3.044966
-1.048096 -2.884791
-1.038076 -2.727706
-1.028056 -2.573686
-1.018036 -2.422707
-1.008016 -2.274745
-0.997996 -2.129773
-0.987976 -1.987764
-0.977956 -1.848692
-0.967936 -1.712529
-0.957916 -1.579246
-0.947896 -1.448814
-0.937876 -1.321203
-0.927856 -1.196382
-0.917836 -1.074322
-0.907816 -0.954989
-0.897796 -0.838352
-0.887776 -0.724378
-0.877756 -0.613034
-0.867735 -0.504287
-0.857715 -0.398101
-0.847695 -0.294443
-0.837675 -0.193278
-0.827655 -0.094568
-0.817635 0.001720
-0.807615 0.095624
-0.797595 0.187180
-0.787575 0.276425
-0.777555 0.363397
-0.767535 0.448132
-0.757515 0.530670
-0.747495 0.611048
-0.737475 0.689304
-0.727455 0.765478
-0.717435 0.839607
-0.707415 0.911730
-0.697395 0.981887
-0.687375 1.050117
-0.677355 1.116458
-0.667335 1.180950
-0.657315 1.243633
-0.647295 1.304545
-0.637275 1.363725
-0.627255 1.421213
-0.617234 1.477048
-0.607214 1.531269
-0.597194 1.583915
-0.587174 1.635024
-0.577154 1.684635
-0.567134 1.732786
-0.557114 1.779516
-0.547094 1.824862
-0.537074 1.868863
-0.527054 1.911554
-0.517034 1.952975
-0.507014 1.993160
-0.496994 2.032147
-0.486974 2.069971
-0.476954 2.106669
-0.466934 2.142275
-0.456914 2.176823
-0.446894 2.210349
-0.436874 2.242886
-0.426854 2.274468
-0.416834 2.305126
-0.406814 2.334894
-0.396794 2.363803
-0.386774 2.391884
-0.376754 2.419168
-0.366733 2.445684
-0.356713 2.471462
-0.346693 2.496530
-0.336673 2.520917
-0.326653 2.544650
-0.316633 2.567755
-0.306613 2.590258
-0.296593 2.612185
-0.286573 2.633559
-0.276553 2.654406
-0.266533 2.674747
-0.256513 2.694606
-0.246493 2.714003
-0.236473 2.732960
-0.226453 2.751496
-0.216433 2.769631
-0.206413 2.787382
-0.196393 2.804768
-0.186373 2.821806
-0.176353 2.838511
-0.166333 2.854898
-0.156313 2.870983
-0.146293 2.886777
-0.136273 2.902296
-0.126253 2.917549
-0.116232 2.932548
-0.106212 2.947304
-0.096192 2.961827
-0.086172 2.976123
-0.076152 2.990203
-0.066132 3.004072
-0.056112 3.017737
-0.046092 3.031203
-0.036072 3.044476
-0.026052 3.057558
-0.016032 3.070453
-0.006012 3.083164
0.004008 3.095692
0.014028 3.108037
0.024048 3.120201
0.034068 3.132182
0.044088 3.143978
0.054108 3.155589
0.064128 3.167011
0.074148 3.178240
0.084168 3.189274
0.094188 3.200106
0.104208 3.210732
0.114228 3.221146
0.124248 3.231341
0.134269 3.241309
0.144289 3.251044
0.154309 3.260537
0.164329 3.269779
0.174349 3.278761
0.184369 3.287472
0.194389 3.295904
0.204409 3.304044
0.214429 3.311882
0.224449 3.319406
0.234469 3.326604
0.244489 3.333465
0.254509 3.339974
0.264529 3.346120
0.274549 3.351888
0.284569 3.357265
0.294589 3.362238
0.304609 3.366793
0.314629 3.370914
0.324649 3.374588
0.334669 3.377800
0.344689 3.380534
0.354709 3.382777
0.364729 3.384514
0.374749 3.385728
0.384770 3.386406
0.394790 3.386532
0.404810 3.386091
0.414830 3.385067
0.424850 3.383447
0.434870 3.381215
0.444890 3.378356
0.454910 3.374856
0.464930 3.370700
0.474950 3.365873
0.484970 3.360363
0.494990 3.354154
0.505010 3.347233
0.515030 3.339587
0.525050 3.331203
0.535070 3.322068
0.545090 3.312169
0.555110 3.301495
0.565130 3.290034
0.575150 3.277775
0.585170 3.264706
0.595190 3.250818
0.605210 3.236101
0.615230 3.220544
0.625251 3.204141
0.635271 3.186881
0.645291 3.168757
0.655311 3.149762
0.665331 3.129889
0.675351 3.109133
0.685371 3.087487
0.695391 3.064947
0.705411 3.041509
0.715431 3.017169
0.725451 2.991924
0.735471 2.965772
0.745491 2.938713
0.755511 2.910744
0.765531 2.881866
0.775551 2.852081
0.785571 2.821388
0.795591 2.789791
0.805611 2.757292
0.815631 2.723895
0.825651 2.689606
0.835671 2.654428
0.845691 2.618369
0.855711 2.581435
0.865731 2.543633
0.875752 2.504974
0.885772 2.465465
0.895792 2.425117
0.905812 2.383941
0.915832 2.341949
0.925852 2.299153
0.935872 2.255567
0.945892 2.211206
0.955912 2.166083
0.965932 2.120215
0.975952 2.073620
0.985972 2.026313
0.995992 1.978314
1.006012 1.929641
1.016032 1.880315
1.026052 1.830355
1.036072 1.779784
1.046092 1.728624
1.056112 1.676897
1.066132 1.624628
1.076152 1.571839
1.086172 1.518558
1.096192 1.464809
1.106212 1.410619
1.116232 1.356016
1.126253 1.301026
1.136273 1.245679
1.146293 1.190004
1.156313 1.134031
1.166333 1.077790
1.176353 1.021311
1.186373 0.964628
1.196393 0.907771
1.206413 0.850774
1.216433 0.793669
1.226453 0.736491
1.236473 0.679274
1.246493 0.622052
1.256513 0.564860
1.266533 0.507734
1.276553 0.450709
1.286573 0.393823
1.296593 0.337112
1.306613 0.280613
1.316633 0.224362
1.326653 0.168399
1.336673 0.112759
1.346693 0.057483
1.356713 0.002607
1.366733 -0.051828
1.376754 -0.105786
1.386774 -0.159227
1.396794 -0.212111
1.406814 -0.264401
1.416834 -0.316056
1.426854 -0.367038
1.436874 -0.417307
1.446894 -0.466824
1.456914 -0.515549
1.466934 -0.563445
1.476954 -0.610471
1.486974 -0.656589
1.496994 -0.701759
1.507014 -0.745944
1.517034 -0.789104
1.527054 -0.831201
1.537074 -0.872197
1.547094 -0.912054
1.557114 -0.950734
1.567134 -0.988200
1.577154 -1.024416
1.587174 -1.059343
1.597194 -1.092947
1.607214 -1.125190
1.617234 -1.156037
1.627255 -1.185454
1.637275 -1.213405
1.647295 -1.239856
1.657315 -1.264773
1.667335 -1.288124
1.677355 -1.309874
1.687375 -1.329992
1.697395 -1.348447
1.707415 -1.365207
1.717435 -1.380242
1.727455 -1.393521
1.737475 -1.405016
1.747495 -1.414697
1.757515 -1.422537
1.767535 -1.428509
1.777555 -1.432586
1.787575 -1.434741
1.797595 -1.434950
1.807615 -1.433188
1.817635 -1.429432
1.827655 -1.423658
1.837675 -1.415843
1.847695 -1.405968
1.857715 -1.394009
1.867735 -1.379949
1.877756 -1.363767
1.887776 -1.345445
1.897796 -1.324965
1.907816 -1.302311
1.917836 -1.277467
1.927856 -1.250416
1.937876 -1.221146
1.947896 -1.189643
1.957916 -1.155893
1.967936 -1.119885
1.977956 -1.081607
1.987976 -1.041050
1.997996 -0.998203
2.008016 -0.953059
2.018036 -0.905608
2.028056 -0.855845
2.038076 -0.803763
2.048096 -0.749356
2.058116 -0.692620
2.068136 -0.633551
2.078156 -0.572145
2.088176 -0.508400
2.098196 -0.442316
2.108216 -0.373890
2.118236 -0.303123
2.128257 -0.230015
2.138277 -0.154567
2.148297 -0.076783
2.158317 0.003336
2.168337 0.085787
2.178357 0.170564
2.188377 0.257664
2.198397 0.347082
2.208417 0.438810
2.218437 0.532843
2.228457 0.629173
2.238477 0.727793
2.248497 0.828695
2.258517 0.931869
2.268537 1.037306
2.278557 1.144997
2.288577 1.254931
2.298597 1.367098
2.308617 1.481486
2.318637 1.598084
2.328657 1.716880
2.338677 1.837861
2.348697 1.961015
2.358717 2.086329
2.368737 2.213789
2.378758 2.343382
2.388778 2.475094
2.398798 2.608911
2.408818 2.744819
2.418838 2.882803
2.428858 3.022848
2.438878 3.164941
2.448898 3.309065
2.458918 3.455206
2.468938 3.603349
2.478958 3.753478
2.488978 3.905580
2.498998 4.059638
2.509018 4.215638
2.519038 4.373565
2.529058 4.533403
2.539078 4.695138
2.549098 4.858755
2.559118 5.024241
2.569138 5.191579
2.579158 5.360757
2.589178 5.531761
2.599198 5.704576
2.609218 5.879190
2.619238 6.055589
2.629259 6.233760
2.639279 6.413692
2.649299 6.595372
2.659319 6.778789
2.669339 6.963931
2.679359 7.150787
2.689379 7.339347
2.699399 7.529602
2.709419 7.721541
2.719439 7.915156
2.729459 8.110439
2.739479 8.307381
2.749499 8.505975
2.759519 8.706216
2.769539 8.908096
2.779559 9.111610
2.789579 9.316753
2.799599 9.523522
2.809619 9.731912
2.819639 9.941921
2.829659 10.153547
2.839679 10.366788
2.849699 10.581643
2.859719 10.798112
2.869739 11.016197
2.879760 11.235898
2.889780 11.457218
2.899800 11.680160
2.909820 11.904727
2.919840 12.130924
2.929860 12.358757
2.939880 12.588231
2.949900 12.819353
2.959920 13.052132
2.969940 13.286575
2.979960 13.522692
2.989980 13.760494
3.000000 13.999990
